410 Wall
'4 1.0 0.0 0.0 -0.2'
617
618
619
620
621
622
623
624
625
626
627
628
629
630
631
632
633
634
635
636
637
638
639
640
641
642
643
644
645
646
647
648
649
650
651
652
653
654
655
656
657
658
659
660
661
662
663
664
665
666
667
668
669
670
671
672
749
782
791
796
806
823
827
840
849
850
860
862
876
879
886
896
898
906
926
931
944
946
953
993
997
1021
1028
1056
1059
1062
1065
1068
1072
1082
1101
1112
1131
1143
1152
1159
1229
1235
1240
1255
1268
1270
1314
1315
1330
1342
1390
1419
1436
1448
1457
1458
1459
1469
1500
1501
1507
1512
1516
1536
1547
1553
1557
1579
1588
1604
1613
1624
1669
1680
1696
1710
1712
1720
1728
1738
1745
1746
1761
1768
1772
1785
1803
1806
1812
1823
1835
1849
1850
1876
1887
1892
1894
1917
1927
1943
1973
1978
2024
2047
2055
2061
2077
2083
2112
2116
2118
2121
2192
2210
2225
2246
2264
2273
2279
2310
2316
2346
2353
2391
2396
2405
2409
2416
2419
2423
2424
2426
2440
2488
2489
2505
2517
2529
2543
2556
2567
2570
2578
2611
2615
2664
2676
2677
2701
2704
2708
2720
2737
2741
2750
2776
2784
2785
2788
2795
2797
2850
2855
2874
2878
2881
2886
2911
2919
2945
2965
2970
2979
2982
3005
3029
3037
3039
3085
3101
3113
3115
3130
3137
3143
3149
3153
3159
3163
3172
3177
3195
3204
3212
3230
3231
3234
3248
3257
3264
3275
3310
3317
3354
3364
3370
3383
3384
3394
3405
3406
3423
3436
3441
3445
3446
3451
3458
3465
3470
3483
3487
3532
3538
3550
3551
3560
3585
3630
3632
3663
3680
3691
3719
3754
3757
3760
3763
3769
3770
3808
3810
3830
3833
3853
3860
3865
3871
3887
3896
3898
3905
3945
3950
3958
3980
4006
4022
4044
4056
4082
4087
4091
4097
4098
4103
4104
4109
4138
4148
4154
4166
4172
4174
4175
4181
4223
4231
4234
4247
4250
4286
4289
4314
4325
4331
4334
4342
4352
4364
4397
4408
4411
4417
4427
4446
4451
4470
4514
4535
4548
4553
4577
4582
4600
4615
4618
4643
4649
4715
4729
4730
4734
4744
4759
4773
4798
4808
4838
4871
4874
4892
4898
4914
4931
4949
4954
4962
4970
4973
5038
5055
5058
5067
5097
5112
5126
5139
5142
5154
5156
5158
5164
5188
5192
5218
5221
5252
5262
5274
5277
5278
5281
5282

