410 Symmetry100
'4 1.0 0.0 0 0.0'
673
674
675
676
677
678
679
680
681
682
683
684
685
686
687
688
689
690
691
692
693
694
695
696
697
698
699
700
701
702
703
704
705
706
707
708
709
710
711
712
713
714
715
716
717
718
719
720
721
722
723
724
725
726
727
728
746
747
760
770
799
837
841
848
851
852
859
864
867
870
885
901
903
907
932
961
968
1016
1040
1042
1061
1066
1071
1093
1121
1146
1162
1165
1168
1188
1189
1194
1205
1208
1219
1226
1231
1241
1253
1305
1322
1323
1333
1338
1345
1349
1352
1353
1370
1376
1387
1396
1397
1404
1425
1471
1476
1479
1511
1514
1525
1542
1577
1596
1627
1637
1641
1643
1645
1652
1661
1664
1666
1701
1708
1722
1743
1744
1782
1792
1802
1809
1854
1880
1888
1890
1900
1912
1921
1926
1939
1965
1970
1976
1981
1986
1992
2008
2018
2021
2039
2040
2048
2052
2059
2106
2127
2139
2143
2154
2158
2159
2176
2177
2183
2193
2196
2206
2211
2220
2232
2243
2282
2286
2288
2315
2317
2330
2333
2336
2337
2344
2358
2380
2393
2401
2420
2446
2449
2455
2462
2466
2476
2477
2499
2501
2509
2516
2557
2561
2590
2594
2646
2653
2660
2685
2686
2690
2694
2699
2706
2736
2743
2767
2777
2804
2833
2834
2848
2853
2869
2876
2884
2962
2983
2986
2995
3004
3010
3020
3034
3042
3050
3071
3105
3165
3166
3184
3207
3224
3225
3228
3277
3282
3284
3286
3300
3302
3303
3330
3346
3367
3381
3382
3385
3386
3389
3413
3431
3453
3454
3463
3472
3476
3504
3509
3521
3549
3561
3570
3589
3595
3610
3620
3633
3662
3664
3677
3690
3704
3714
3781
3796
3814
3836
3841
3844
3850
3858
3864
3880
3893
3894
3914
3951
3956
3957
3993
3997
4000
4013
4033
4035
4039
4045
4048
4049
4050
4085
4096
4100
4108
4115
4129
4188
4195
4225
4239
4262
4264
4275
4308
4350
4362
4368
4375
4376
4383
4409
4414
4425
4428
4453
4476
4482
4484
4509
4519
4531
4550
4551
4556
4561
4563
4570
4579
4580
4594
4622
4629
4653
4654
4672
4679
4680
4692
4717
4721
4722
4737
4745
4753
4758
4771
4797
4816
4849
4896
4908
4910
4920
4921
4974
4995
5002
5011
5028
5044
5052
5070
5074
5080
5099
5121
5141
5148
5163
5174
5182
5183
5195
5197
5210
5238
5240
5268
5275
5276
5279
5280

