2641 Symmetry001
'4 0.0 0.0 1.0 0.005'
1
2
3
4
5
6
7
8
9
10
11
12
13
14
15
16
17
18
19
20
21
22
23
24
25
26
27
28
29
30
31
32
33
34
35
36
37
38
39
40
41
42
43
44
45
46
47
48
49
50
51
52
53
54
55
56
57
58
59
60
61
62
63
64
65
66
67
68
69
70
71
72
73
74
75
76
77
78
79
80
81
82
83
84
85
86
87
88
89
90
91
92
93
94
95
96
97
98
99
100
101
102
103
104
105
106
107
108
109
110
111
112
113
114
115
116
117
118
119
120
121
122
123
124
125
126
127
128
129
130
131
132
133
134
135
136
137
138
139
140
141
142
143
144
145
146
147
148
149
150
151
152
153
154
155
156
157
158
159
160
161
162
163
164
165
166
167
168
169
170
171
172
173
174
175
176
177
178
179
180
181
182
183
184
185
186
187
188
189
190
191
192
193
194
195
196
197
198
199
200
201
202
203
204
205
206
207
208
209
210
211
212
213
214
215
216
217
218
219
220
221
222
223
224
225
226
227
228
229
230
231
232
233
234
235
236
237
238
239
240
241
242
243
244
245
246
247
248
249
250
251
252
253
254
255
256
257
258
259
260
261
262
263
264
265
266
267
268
269
270
271
272
273
274
275
276
277
278
279
280
281
282
283
284
285
286
287
288
289
290
291
292
293
294
295
296
297
298
299
300
301
302
303
304
305
306
307
308
617
618
619
620
621
622
623
624
625
626
627
628
629
630
631
632
633
634
635
636
637
638
639
640
641
642
643
644
673
674
675
676
677
678
679
680
681
682
683
684
685
686
687
688
689
690
691
692
693
694
695
696
697
698
699
700
729
730
731
732
733
738
739
744
747
749
750
752
756
757
759
765
766
768
770
771
772
773
774
778
780
781
783
784
788
789
790
791
792
793
795
796
797
799
800
804
805
806
807
808
810
814
815
818
826
829
834
835
836
837
842
843
844
845
846
847
849
852
854
857
858
859
860
861
865
866
867
871
873
874
878
879
881
883
884
886
888
894
895
899
902
903
904
906
907
908
909
910
912
916
917
919
925
926
927
928
930
934
939
942
943
944
946
949
952
954
958
960
962
964
965
966
967
969
971
973
976
977
979
982
984
985
986
987
988
989
990
991
992
994
995
999
1000
1001
1006
1010
1013
1014
1016
1018
1023
1024
1026
1027
1028
1032
1035
1036
1037
1039
1040
1041
1042
1043
1044
1045
1046
1047
1048
1049
1050
1051
1052
1053
1054
1055
1056
1058
1059
1060
1061
1065
1068
1070
1074
1076
1077
1079
1081
1082
1085
1086
1087
1093
1094
1097
1098
1105
1106
1112
1114
1116
1117
1118
1120
1122
1125
1126
1132
1133
1134
1139
1140
1143
1144
1146
1151
1152
1153
1155
1156
1158
1160
1161
1162
1164
1165
1166
1167
1169
1172
1174
1175
1176
1177
1179
1180
1181
1182
1183
1185
1186
1187
1188
1189
1190
1193
1194
1195
1197
1203
1216
1220
1221
1225
1227
1229
1231
1232
1234
1236
1237
1239
1240
1245
1247
1251
1254
1255
1258
1259
1260
1264
1265
1267
1268
1269
1271
1272
1274
1275
1283
1284
1285
1289
1290
1291
1296
1297
1302
1303
1305
1306
1307
1308
1309
1311
1312
1318
1320
1322
1323
1326
1328
1329
1330
1331
1333
1341
1342
1344
1345
1346
1349
1351
1353
1354
1355
1361
1362
1364
1367
1368
1369
1370
1371
1372
1375
1377
1378
1379
1380
1382
1383
1385
1386
1389
1392
1395
1402
1405
1406
1409
1410
1411
1412
1414
1415
1416
1419
1423
1424
1426
1428
1431
1435
1436
1439
1440
1441
1443
1445
1446
1447
1448
1449
1455
1456
1458
1462
1465
1466
1468
1469
1474
1479
1481
1482
1486
1487
1494
1495
1497
1499
1500
1502
1505
1506
1507
1508
1509
1514
1515
1517
1522
1523
1525
1529
1530
1531
1534
1535
1536
1538
1544
1545
1546
1551
1552
1557
1558
1559
1560
1561
1565
1567
1568
1569
1574
1577
1579
1582
1583
1585
1587
1590
1593
1594
1596
1599
1600
1601
1602
1603
1605
1606
1607
1608
1609
1612
1614
1615
1616
1617
1620
1622
1623
1624
1627
1630
1632
1633
1635
1636
1637
1638
1639
1640
1645
1647
1650
1651
1653
1654
1655
1656
1657
1658
1659
1660
1662
1664
1665
1667
1668
1669
1670
1674
1675
1677
1680
1681
1685
1690
1691
1694
1698
1700
1701
1702
1703
1704
1706
1708
1709
1713
1715
1716
1717
1723
1724
1725
1726
1727
1729
1731
1732
1734
1735
1737
1739
1740
1742
1743
1746
1752
1754
1755
1757
1758
1759
1760
1766
1768
1769
1772
1777
1778
1780
1781
1783
1784
1790
1791
1792
1794
1795
1797
1798
1800
1801
1804
1805
1806
1811
1812
1813
1814
1816
1817
1818
1820
1821
1822
1824
1825
1827
1828
1829
1838
1839
1841
1845
1847
1848
1849
1852
1853
1858
1859
1860
1861
1862
1863
1864
1865
1866
1867
1868
1869
1870
1872
1873
1874
1875
1876
1877
1878
1880
1885
1886
1887
1889
1891
1896
1897
1900
1901
1903
1904
1909
1912
1915
1916
1917
1918
1921
1923
1924
1926
1927
1928
1930
1931
1936
1942
1943
1948
1949
1950
1951
1956
1958
1959
1961
1965
1968
1969
1970
1972
1976
1980
1981
1982
1983
1985
1987
1990
1993
1994
1995
1996
1997
1998
1999
2000
2001
2003
2004
2005
2006
2007
2008
2011
2016
2017
2018
2024
2028
2030
2035
2036
2038
2041
2043
2045
2046
2047
2049
2050
2052
2054
2055
2058
2061
2062
2064
2065
2066
2067
2074
2075
2079
2080
2081
2083
2087
2090
2092
2093
2094
2095
2100
2102
2103
2105
2106
2107
2108
2109
2110
2114
2117
2118
2119
2121
2123
2125
2127
2131
2133
2139
2141
2145
2146
2149
2150
2151
2154
2157
2159
2161
2166
2169
2172
2175
2176
2178
2180
2183
2184
2185
2187
2188
2190
2191
2193
2197
2198
2199
2200
2201
2202
2204
2205
2209
2211
2213
2216
2217
2221
2222
2224
2225
2228
2230
2231
2233
2235
2237
2238
2241
2242
2243
2244
2245
2246
2249
2250
2251
2253
2254
2255
2259
2260
2262
2264
2268
2271
2272
2274
2276
2279
2280
2284
2288
2290
2294
2298
2307
2311
2312
2314
2316
2317
2318
2319
2320
2321
2327
2330
2331
2332
2337
2338
2339
2344
2345
2348
2349
2352
2354
2357
2358
2359
2360
2361
2364
2365
2366
2370
2372
2374
2376
2380
2381
2382
2386
2387
2389
2390
2392
2393
2394
2396
2397
2398
2399
2401
2402
2404
2407
2410
2411
2413
2414
2415
2416
2417
2418
2420
2424
2425
2426
2427
2429
2430
2431
2433
2435
2436
2438
2439
2440
2443
2446
2450
2452
2453
2454
2460
2464
2466
2467
2468
2469
2470
2471
2472
2476
2478
2480
2481
2483
2484
2485
2486
2488
2489
2498
2503
2506
2509
2510
2511
2512
2515
2516
2519
2520
2522
2525
2526
2527
2528
2530
2531
2534
2536
2538
2540
2541
2542
2546
2547
2548
2556
2558
2560
2562
2563
2564
2565
2569
2570
2572
2574
2577
2580
2581
2586
2588
2589
2590
2591
2592
2595
2596
2598
2600
2605
2607
2608
2609
2610
2611
2616
2618
2619
2620
2622
2623
2624
2625
2626
2629
2631
2632
2634
2635
2642
2645
2646
2650
2652
2653
2654
2655
2656
2658
2660
2662
2666
2667
2669
2670
2671
2674
2678
2679
2684
2685
2687
2688
2690
2691
2692
2693
2695
2696
2698
2700
2701
2702
2703
2708
2713
2716
2719
2720
2722
2723
2724
2726
2729
2731
2732
2733
2743
2749
2751
2752
2757
2758
2760
2762
2763
2764
2766
2768
2769
2770
2780
2782
2784
2785
2786
2792
2793
2794
2795
2796
2798
2799
2800
2802
2804
2805
2806
2809
2811
2814
2815
2816
2817
2818
2820
2822
2824
2825
2826
2830
2831
2832
2833
2834
2837
2838
2839
2844
2845
2848
2849
2850
2855
2861
2864
2865
2871
2872
2874
2876
2877
2880
2881
2882
2885
2886
2887
2893
2895
2896
2897
2899
2901
2903
2904
2905
2909
2910
2911
2912
2913
2914
2915
2918
2921
2922
2925
2928
2929
2931
2934
2935
2936
2937
2938
2946
2948
2949
2951
2952
2960
2961
2962
2963
2967
2968
2970
2972
2975
2979
2980
2981
2983
2984
2985
2987
2989
2994
2996
2998
3000
3001
3002
3003
3004
3006
3008
3009
3011
3012
3013
3015
3016
3017
3021
3022
3024
3025
3027
3031
3033
3037
3038
3042
3043
3048
3052
3053
3056
3057
3058
3061
3062
3063
3064
3065
3068
3070
3071
3075
3079
3081
3083
3084
3085
3086
3087
3088
3090
3092
3093
3094
3096
3098
3100
3101
3102
3103
3104
3110
3111
3112
3114
3118
3119
3120
3122
3124
3125
3126
3127
3128
3129
3130
3131
3136
3137
3138
3140
3141
3145
3146
3147
3148
3149
3151
3152
3153
3158
3160
3161
3162
3163
3164
3166
3167
3168
3169
3173
3176
3178
3179
3180
3184
3189
3191
3193
3194
3195
3200
3203
3207
3208
3212
3214
3218
3219
3220
3224
3226
3228
3229
3233
3234
3235
3242
3243
3246
3247
3248
3251
3254
3255
3257
3258
3262
3263
3264
3267
3269
3272
3276
3279
3280
3282
3283
3287
3288
3290
3291
3293
3295
3296
3297
3298
3299
3300
3301
3305
3310
3311
3312
3313
3317
3318
3320
3321
3322
3325
3326
3327
3329
3332
3335
3336
3337
3342
3344
3345
3347
3348
3349
3350
3352
3355
3356
3357
3359
3360
3362
3368
3371
3372
3373
3374
3375
3377
3378
3379
3380
3381
3384
3385
3386
3387
3388
3391
3392
3396
3397
3402
3404
3406
3408
3411
3415
3417
3423
3425
3431
3437
3438
3440
3441
3445
3446
3448
3451
3453
3454
3455
3457
3461
3466
3467
3468
3469
3471
3472
3474
3477
3478
3480
3481
3483
3485
3487
3489
3492
3495
3497
3498
3500
3501
3503
3504
3505
3508
3509
3511
3516
3517
3519
3520
3521
3522
3523
3526
3529
3530
3533
3537
3540
3542
3543
3544
3545
3546
3547
3548
3552
3556
3558
3559
3560
3561
3563
3564
3565
3567
3570
3572
3576
3577
3578
3581
3582
3583
3584
3586
3588
3591
3601
3602
3608
3612
3620
3621
3623
3624
3625
3628
3629
3631
3633
3634
3635
3636
3642
3644
3645
3646
3647
3648
3649
3650
3652
3654
3655
3656
3661
3664
3665
3668
3669
3671
3673
3674
3675
3676
3678
3679
3680
3683
3684
3685
3687
3691
3692
3693
3694
3699
3700
3702
3703
3704
3705
3706
3709
3711
3716
3718
3721
3723
3724
3726
3727
3728
3729
3732
3734
3737
3738
3740
3742
3743
3746
3750
3752
3753
3757
3764
3765
3766
3767
3768
3770
3773
3774
3775
3776
3782
3783
3784
3787
3788
3789
3792
3793
3794
3800
3801
3808
3809
3812
3818
3820
3821
3822
3824
3830
3831
3833
3834
3835
3836
3838
3839
3841
3842
3843
3846
3850
3853
3854
3855
3857
3859
3861
3863
3864
3865
3866
3870
3871
3872
3874
3877
3879
3887
3892
3896
3899
3900
3903
3904
3906
3911
3912
3916
3920
3922
3923
3924
3927
3929
3931
3932
3938
3943
3947
3949
3951
3953
3956
3958
3960
3961
3962
3963
3964
3965
3966
3967
3968
3970
3971
3972
3973
3977
3978
3979
3980
3981
3983
3984
3990
3991
3994
3995
3996
3998
4001
4003
4004
4007
4008
4011
4013
4015
4016
4020
4021
4022
4026
4027
4028
4029
4030
4031
4033
4037
4040
4042
4043
4046
4047
4049
4052
4053
4055
4057
4059
4060
4061
4062
4065
4069
4073
4074
4075
4076
4078
4080
4082
4084
4085
4086
4088
4090
4092
4093
4095
4096
4098
4102
4105
4106
4109
4110
4111
4112
4113
4114
4118
4119
4120
4122
4123
4124
4128
4129
4131
4134
4135
4138
4143
4145
4146
4147
4148
4149
4150
4151
4152
4153
4155
4156
4162
4164
4165
4166
4167
4168
4169
4170
4171
4172
4173
4175
4178
4179
4181
4183
4184
4187
4190
4191
4192
4194
4197
4200
4205
4207
4208
4211
4212
4213
4214
4220
4221
4222
4224
4225
4227
4228
4229
4231
4233
4235
4239
4240
4241
4243
4244
4247
4248
4251
4253
4256
4257
4258
4259
4263
4268
4271
4274
4275
4278
4279
4280
4282
4283
4284
4287
4289
4291
4292
4296
4297
4299
4302
4305
4306
4307
4309
4310
4312
4313
4314
4315
4316
4318
4319
4320
4322
4325
4328
4329
4331
4335
4337
4338
4339
4340
4341
4343
4346
4348
4349
4350
4352
4353
4354
4356
4359
4362
4369
4370
4372
4373
4376
4377
4381
4387
4391
4392
4393
4395
4396
4397
4399
4400
4401
4404
4407
4409
4410
4411
4413
4417
4418
4419
4421
4425
4428
4432
4434
4435
4436
4437
4438
4439
4440
4446
4447
4448
4450
4453
4454
4461
4463
4465
4470
4471
4472
4473
4474
4475
4476
4477
4479
4482
4484
4490
4492
4497
4505
4506
4507
4510
4511
4514
4515
4516
4519
4520
4524
4527
4528
4533
4534
4535
4537
4540
4546
4547
4548
4550
4553
4556
4558
4559
4560
4563
4564
4565
4566
4569
4572
4577
4578
4579
4580
4583
4584
4588
4589
4590
4591
4596
4598
4600
4603
4605
4607
4608
4609
4610
4611
4614
4616
4617
4618
4619
4620
4621
4622
4624
4625
4626
4628
4629
4630
4631
4633
4636
4642
4643
4647
4648
4651
4653
4656
4660
4662
4663
4667
4676
4680
4682
4684
4686
4687
4689
4691
4693
4698
4703
4705
4707
4709
4712
4714
4715
4720
4724
4725
4726
4728
4732
4734
4736
4738
4739
4741
4743
4744
4746
4748
4752
4753
4754
4755
4756
4757
4758
4759
4762
4764
4767
4768
4769
4770
4771
4772
4775
4776
4780
4782
4787
4788
4789
4790
4791
4792
4793
4797
4798
4800
4801
4802
4803
4804
4807
4808
4811
4812
4813
4814
4815
4819
4821
4825
4828
4830
4832
4836
4840
4841
4842
4843
4845
4846
4847
4849
4851
4853
4856
4858
4859
4866
4869
4872
4875
4876
4877
4878
4881
4883
4884
4885
4887
4889
4890
4892
4893
4894
4897
4900
4903
4904
4907
4908
4910
4912
4914
4915
4916
4917
4918
4919
4921
4922
4926
4927
4928
4930
4932
4934
4935
4941
4942
4945
4946
4948
4950
4951
4954
4955
4956
4958
4959
4960
4961
4962
4964
4965
4966
4970
4974
4975
4976
4977
4978
4979
4981
4984
4985
4986
4987
4989
4990
4991
4992
4997
4999
5000
5010
5011
5012
5015
5016
5017
5020
5023
5026
5029
5030
5032
5033
5035
5036
5037
5039
5040
5042
5043
5044
5045
5047
5049
5050
5053
5054
5056
5057
5058
5060
5063
5065
5067
5068
5072
5074
5075
5077
5078
5079
5080
5082
5084
5086
5087
5088
5089
5091
5092
5099
5101
5102
5103
5104
5105
5110
5113
5114
5115
5116
5117
5118
5119
5121
5125
5127
5128
5130
5132
5133
5137
5141
5142
5144
5146
5147
5148
5149
5150
5151
5153
5154
5156
5157
5159
5160
5161
5162
5163
5167
5168
5169
5171
5173
5175
5176
5177
5178
5182
5185
5186
5187
5190
5191
5193
5196
5197
5198
5199
5201
5203
5204
5208
5215
5217
5219
5221
5222
5223
5226
5228
5229
5231
5232
5233
5237
5239
5241
5242
5243
5244
5248
5250
5251
5256
5257
5258
5260
5261
5262
5263
5265
5266
5267
5268
5269
5270
5272
5275
5278
5280
5281

