165 Inflow9
'7 0.0 0.0 0.0 2.0 1.0 1.0 0.0'
65
66
102
151
152
163
171
199
222
226
236
241
253
254
268
271
280
284
295
303
306
312
320
323
325
335
356
360
364
379
385
391
398
399
406
419
426
430
438
447
449
452
457
461
478
493
494
495
497
503
506
509
519
522
527
533
539
547
549
551
571
582
601
615
624
625
63
126
215
217
228
243
262
270
291
299
327
328
336
368
371
373
377
394
412
459
462
465
537
543
554
577
579
585
591
597
613
618
626
64
197
209
212
232
247
260
266
282
293
321
342
344
386
400
408
417
420
428
439
451
456
520
525
531
536
541
578
583
588
593
602
605
62
88
94
159
224
246
256
273
288
298
334
338
345
353
388
392
401
418
423
443
468
469
514
521
523
552
553
559
565
576
592
599
607
