177 Symmetry100
'4 1.0 0.0 0.0 0.0 '
1
3
6
12
15
18
20
30
35
40
41
42
45
53
55
56
59
62
67
70
73
80
85
86
87
88
90
94
105
107
111
113
119
120
123
124
125
128
135
136
138
139
141
142
145
147
153
157
158
159
165
167
176
178
191
195
202
204
205
213
220
224
225
230
231
238
246
248
249
256
257
258
261
267
269
273
274
279
287
288
290
294
298
302
304
310
311
313
315
330
331
334
338
341
345
346
347
350
351
352
353
354
361
372
384
387
388
389
392
396
397
401
403
405
410
413
414
418
421
423
431
433
434
436
441
443
445
448
454
464
468
469
472
475
476
479
481
483
484
491
496
498
499
500
508
511
514
515
518
521
523
524
532
535
542
552
553
556
558
559
561
562
563
564
565
568
570
576
589
592
594
599
600
607
611
614
620
