177 Symmetry010
'4 0.0 1.0 0.0 0.0 '
1
2
8
11
17
21
25
29
30
35
36
38
44
49
51
55
60
66
67
74
75
77
90
91
92
95
96
101
102
105
110
111
112
114
115
116
120
121
130
131
132
144
146
148
149
152
158
162
166
175
177
179
186
189
193
194
195
199
200
205
218
223
226
227
231
236
238
240
244
250
254
257
259
264
268
269
277
280
283
286
290
295
301
302
305
306
310
313
314
318
322
324
325
329
330
335
339
351
352
354
357
359
363
364
367
370
374
375
378
379
380
381
382
385
391
396
402
410
414
419
426
432
434
437
438
444
448
452
453
455
461
464
473
474
476
478
480
481
488
491
492
497
499
501
503
504
506
507
509
512
522
533
534
548
549
556
558
560
561
563
564
570
572
573
575
582
584
586
595
596
604
606
611
615
616
619
624
