230 Wall
' '
1
2
3
4
5
6
7
8
9
10
11
12
13
14
15
16
17
18
19
20
21
22
23
24
25
26
27
28
29
30
31
32
33
34
35
36
37
45
46
47
48
49
50
63
64
65
66
67
68
76
77
78
79
80
81
94
95
96
97
98
99
107
108
109
110
111
112
125
126
127
128
129
130
138
139
140
141
142
143
156
157
158
159
160
161
169
170
171
172
173
174
187
188
189
190
191
192
200
201
202
203
204
205
218
219
220
221
222
223
231
232
233
234
235
236
249
250
251
252
253
254
262
263
264
265
266
267
280
281
282
283
284
285
293
294
295
296
297
298
311
312
313
314
315
316
324
325
326
327
328
329
342
343
344
345
346
347
355
356
357
358
359
360
373
374
375
376
377
378
386
387
388
389
390
391
404
405
406
407
408
409
417
418
419
420
421
422
435
436
437
438
439
440
448
449
450
451
452
453
466
467
468
469
470
471
472
473
474
475
476
477
478
479
480
481
482
483
484
485
486
487
488
489
490
491
492
493
494
495
496

