192 Wall
'7 0.0 0.0 0.0 4.0 1.0 1.0 0.0 '
17
48
79
110
141
172
203
234
265
296
327
358
389
420
451
475
5
36
67
98
129
160
191
222
253
284
315
346
377
408
439
470
18
49
80
111
142
173
204
235
266
297
328
359
390
421
452
476
4
35
66
97
128
159
190
221
252
283
314
345
376
407
438
469
19
50
81
112
143
174
205
236
267
298
329
360
391
422
453
477
3
34
65
96
127
158
189
220
251
282
313
344
375
406
437
468
14
45
76
107
138
169
200
231
262
293
324
355
386
417
448
472
2
33
64
95
126
157
188
219
250
281
312
343
374
405
436
467
15
46
77
108
139
170
201
232
263
294
325
356
387
418
449
473
1
32
63
94
125
156
187
218
249
280
311
342
373
404
435
466
16
47
78
109
140
171
202
233
264
295
326
357
388
419
450
474
6
37
68
99
130
161
192
223
254
285
316
347
378
409
440
471

