210 Symmetry100
' '
275
276
277
278
279
280
281
282
283
284
285
286
287
288
289
290
291
292
293
294
295
764
772
837
930
971
1000
1030
1077
1129
1225
1235
1256
1276
1290
1299
1308
1333
1343
1372
1461
1599
1612
1613
1614
1615
1616
1617
1618
1663
1666
1706
1713
1729
1777
1800
1824
1835
1911
1913
1947
1970
2005
2014
2020
2111
2228
2246
2265
2281
2285
2326
2367
2407
2421
2453
2471
2502
2511
2558
2633
2685
2819
2836
2861
2874
2924
3036
3040
3042
3084
3114
3157
3199
3203
3219
3284
3291
3363
3364
3365
3366
3367
3368
3369
332
334
356
360
385
389
406
416
430
456
490
531
553
575
586
616
619
624
634
652
691
696
715
728
761
763
797
838
842
876
936
957
990
1099
1231
1232
1247
1262
1272
1295
1305
1456
1626
1627
1628
1629
1630
1631
1632
1717
1732
1773
1778
1814
1821
1869
1886
1926
1956
1957
1979
2018
2034
2061
2085
2143
2156
2219
2290
2360
2372
2415
2440
2484
2494
2518
2535
2544
2545
2562
2649
2722
2742
2759
2794
2860
2983
3005
3015
3017
3049
3061
3103
3128
3146
3169
3215
3342
3356
3357
3358
3359
3360
3361
3362
