210 Symmetry001
' '
716
725
747
761
763
876
913
917
947
990
1003
1061
1064
1069
1075
1077
1086
1097
1129
1138
1178
1202
1225
1241
1247
1256
1261
1262
1272
1276
1285
1293
1304
1308
1372
1414
1416
1428
1446
1472
1494
1552
1619
1620
1621
1622
1623
1624
1625
1641
1656
1663
1673
1763
1765
1809
1820
1947
2005
2018
2020
2024
2061
2087
2152
2184
2207
2219
2403
2406
2417
2421
2535
2544
2672
2693
2722
2727
2734
2799
2812
2825
2853
2858
2869
2893
2901
2922
2924
2960
3018
3104
3133
3158
3169
3199
3226
3262
3346
3347
3348
3349
3350
3358
3368
261
262
263
264
265
266
267
268
269
270
271
272
273
274
287
288
289
290
291
292
293
302
322
336
356
360
371
374
389
398
406
416
427
431
433
442
456
508
529
553
560
654
1605
1606
1607
1608
1609
1610
1611
1713
1732
1800
1810
1847
1849
1861
1869
1886
1913
1953
1981
2095
2123
2147
2205
2232
2243
2285
2286
2326
2338
2416
2440
2453
2473
2511
2550
2572
2716
2724
2767
2795
2870
2928
2955
2983
2992
2993
3081
3095
3128
3173
3215
3254
3260
3294
3300
3326
3351
3352
3353
3354
3355
3357
3364
