165 Inflow9
'7 0.0 0.0 0.0 2.0 1.0 1.0 0.0'
24
48
73
99
118
128
146
160
172
187
198
217
227
256
271
277
283
311
318
330
344
353
370
389
395
398
401
414
425
441
474
507
516
23
72
78
82
114
133
145
163
176
195
204
212
215
248
252
290
291
298
322
339
341
349
385
386
387
411
419
431
439
443
463
493
517
21
61
110
112
120
135
154
162
183
191
219
220
228
260
263
265
269
286
304
351
354
357
429
435
446
469
471
477
483
489
505
510
518
22
97
105
107
124
139
152
158
174
185
213
234
236
278
292
300
309
312
320
331
343
348
412
417
423
428
433
470
475
480
485
494
497
20
40
44
77
116
138
148
165
180
190
226
230
237
245
280
284
293
310
315
335
360
361
406
413
415
444
445
451
457
468
484
491
499
