191 Symmetry100
' '
3
11
13
14
17
20
25
28
31
38
40
41
44
49
52
56
57
60
66
67
68
69
74
77
79
86
88
95
101
108
113
116
117
122
123
130
138
140
141
148
149
150
153
159
161
165
166
171
179
180
182
186
190
194
196
202
203
205
207
222
223
226
230
233
237
238
239
242
243
244
245
246
253
264
276
279
280
281
284
288
289
293
295
297
302
305
306
310
313
315
323
325
326
328
333
335
337
340
346
356
360
361
364
367
368
371
373
375
376
383
388
390
391
392
400
403
406
407
410
413
415
416
424
427
434
444
445
448
450
451
453
454
455
456
457
460
462
468
481
484
486
491
492
499
503
506
512
527
533
539
545
549
560
561
562
568
574
575
588
600
610
622
623
632
633
634
637
638
651
655
687
695
698
702
703
704
713
714
715
716
727
730
737
738
744
748
757
758
761
763
764
