191 Symmetry010
' '
2
7
9
13
18
24
25
32
33
35
41
42
45
47
48
49
51
53
57
58
63
64
70
71
73
80
87
89
95
99
100
115
118
119
123
128
130
132
136
142
146
149
151
156
160
161
169
172
175
178
182
187
193
194
197
198
202
205
206
210
214
216
217
221
222
227
231
243
244
246
249
251
255
256
259
262
266
267
270
271
272
273
274
277
283
288
294
302
306
311
318
324
326
329
330
336
340
344
345
347
353
356
365
366
368
370
372
373
380
383
384
389
391
393
395
396
398
399
401
404
414
425
426
440
441
448
450
452
453
455
456
462
464
465
467
474
476
478
487
488
496
498
503
507
508
511
516
523
530
545
547
548
554
556
559
560
561
578
585
594
604
607
639
643
646
649
650
651
653
659
666
667
681
685
689
692
700
702
703
705
708
715
724
739
742
746
749
759
766
767
768
