308 Symmetry010
' '
385
386
387
388
389
390
391
392
393
394
395
396
397
398
399
400
401
402
403
404
405
406
407
408
409
410
411
412
413
414
415
416
417
418
427
437
456
472
480
1766
1767
1768
1769
1770
1771
1772
1773
1774
1775
1776
1777
1778
1779
1780
1781
1782
1783
1784
1785
1786
1787
1788
1789
1790
1791
1792
1793
1794
1795
1796
1797
1798
1799
1800
1801
1802
1803
1887
1961
1976
2007
2030
2033
2096
2155
2171
2179
2182
2248
2276
2315
2379
2383
2402
2411
2415
2422
2437
2442
2457
2461
2474
2491
2504
2526
2598
2599
2601
2674
2675
2678
2680
2709
2730
2752
2758
2767
2805
2818
2819
2840
2842
2867
2898
2914
2925
2968
3016
3028
3059
3082
3201
3204
3222
3248
3259
3270
3274
3286
3331
3339
3353
3404
3424
3442
3475
3504
3526
3530
3593
3595
3601
3645
3651
351
352
353
354
355
356
357
358
359
360
361
362
363
364
365
366
367
368
369
370
371
372
373
374
375
376
377
378
379
380
381
382
383
384
428
450
454
460
479
1804
1805
1806
1807
1808
1809
1810
1811
1812
1813
1814
1815
1816
1817
1818
1819
1820
1821
1822
1823
1824
1825
1826
1827
1828
1829
1830
1831
1832
1833
1834
1835
1836
1837
1838
1839
1840
1841
1849
1871
1902
1903
1905
1921
1995
2002
2003
2018
2025
2075
2112
2114
2130
2134
2174
2175
2187
2212
2252
2262
2344
2366
2371
2384
2396
2405
2408
2418
2426
2493
2503
2529
2563
2566
2580
2604
2619
2713
2716
2724
2729
2765
2776
2777
2789
2794
2798
2829
2852
2863
2883
2901
2911
2948
2961
2993
3031
3070
3081
3105
3112
3135
3155
3206
3272
3312
3321
3324
3374
3398
3403
3485
3527
3545
3605
