136 Bubble
'7 0.0 0.0 0.0 0.25 1.0 1.0 0.0 '
7
17
27
28
40
45
46
54
58
60
61
71
79
83
85
86
92
93
116
119
122
124
143
153
172
173
176
182
187
199
206
211
215
281
289
296
313
322
329
365
383
387
388
390
398
399
401
410
429
438
441
444
458
471
475
491
494
508
510
519
524
545
552
568
579
581
590
600
621
638
644
648
655
660
669
693
694
701
703
714
715
716
720
724
741
766
777
785
786
793
814
826
839
876
877
896
904
910
916
921
942
951
953
981
982
984
989
992
996
1001
1005
1007
1016
1022
1023
1028
1035
1036
1043
1049
1055
1063
1087
1104
1105
1107
1111
1128
1130
1155
1165
1195
1200
1229
1230
1240
