718 Phase1
' '
1
2
3
4
5
6
7
8
9
10
11
14
16
17
18
19
20
22
23
25
26
27
28
29
30
31
32
33
35
36
37
38
40
43
44
45
46
47
51
54
56
57
58
60
61
62
63
65
66
67
68
69
71
72
73
74
75
76
77
79
80
82
83
85
86
88
89
90
91
92
93
94
95
97
101
102
103
104
106
107
108
110
111
112
114
116
117
118
119
120
122
123
124
125
127
128
129
130
131
133
135
136
137
138
139
140
141
143
144
145
147
148
150
151
153
155
157
158
160
162
164
165
166
168
169
171
172
173
174
175
176
177
178
179
180
181
182
184
185
187
188
189
191
192
193
195
197
198
199
200
202
203
205
206
207
208
209
211
213
214
215
281
282
283
289
291
296
298
299
300
303
307
308
309
310
312
313
315
318
319
320
321
322
326
327
329
331
333
335
337
338
339
340
341
342
343
344
345
348
349
350
351
354
355
358
360
361
362
364
365
366
368
370
372
375
378
379
380
383
384
385
387
388
390
394
397
398
399
400
401
403
404
405
408
410
411
412
415
416
417
418
419
420
421
423
424
427
429
432
433
434
438
439
440
441
442
443
444
447
448
449
451
453
454
455
456
457
458
460
462
463
464
465
466
468
470
471
473
475
476
480
482
484
485
486
487
488
491
493
494
497
500
502
505
507
508
510
513
514
516
519
520
521
522
524
526
530
531
532
535
537
540
542
545
546
547
548
549
550
552
553
555
556
559
560
561
563
564
565
568
570
573
574
577
579
581
582
586
587
589
590
591
592
596
598
599
600
602
606
608
611
612
613
614
615
617
618
619
620
621
622
626
627
628
629
631
632
633
637
638
639
644
646
648
651
654
655
656
658
660
666
668
669
670
674
676
678
679
681
682
683
684
685
687
689
693
694
696
700
701
702
703
704
706
710
711
712
713
714
715
716
718
720
721
722
724
727
729
733
734
735
736
737
739
741
745
747
748
752
755
756
757
758
759
761
762
765
766
768
771
773
774
776
777
778
781
782
783
784
785
786
787
791
793
797
798
799
800
801
803
804
805
806
807
809
810
812
813
814
817
822
825
826
827
829
831
832
833
834
835
837
839
841
842
846
847
848
850
853
854
856
858
859
861
864
868
869
873
875
876
877
878
879
880
881
882
885
888
889
891
892
894
895
896
897
898
899
901
902
903
904
905
908
910
912
914
916
918
920
921
923
926
928
929
930
931
933
934
937
940
941
942
943
944
946
948
951
952
953
954
955
956
960
962
963
964
966
967
972
973
974
975
977
979
981
982
983
984
987
989
990
992
994
996
998
1001
1005
1006
1007
1008
1010
1011
1015
1016
1017
1018
1019
1020
1022
1023
1025
1026
1028
1030
1031
1032
1033
1035
1036
1038
1039
1041
1043
1044
1045
1049
1051
1052
1054
1055
1056
1057
1061
1062
1063
1064
1069
1070
1071
1072
1074
1075
1076
1078
1081
1082
1084
1085
1086
1087
1088
1089
1093
1095
1099
1100
1102
1104
1105
1106
1107
1109
1111
1112
1115
1117
1118
1119
1120
1121
1128
1129
1130
1132
1134
1135
1138
1139
1140
1142
1143
1147
1149
1150
1152
1153
1155
1156
1157
1159
1161
1162
1165
1166
1168
1169
1170
1171
1174
1176
1180
1181
1182
1183
1186
1187
1188
1191
1192
1193
1195
1197
1198
1199
1200
1201
1203
1205
1207
1209
1213
1217
1220
1221
1222
1223
1224
1226
1228
1229
1230
1231
1233
1234
1235
1236
1237
1240
