200 Symmetry100
'7 0.0 0.0 0.0 0.5 1.0 0.0 0.0'
12
13
15
21
24
48
50
52
59
64
81
84
87
96
98
100
109
115
121
126
134
142
146
149
152
154
161
167
170
183
186
190
194
196
204
212
218
220
231
235
237
244
250
256
260
262
263
264
265
268
286
304
306
324
325
346
353
357
371
373
377
382
391
393
396
402
409
414
426
428
435
437
445
446
452
469
477
492
503
512
515
523
529
534
536
541
567
569
572
576
580
584
588
593
594
595
603
607
610
616
623
630
635
640
647
652
665
672
673
677
688
690
695
699
707
709
749
750
751
753
760
767
779
802
808
815
821
828
836
843
845
849
852
857
860
862
866
872
887
890
893
911
913
915
919
924
936
947
950
971
988
991
995
999
1000
1003
1004
1009
1012
1014
1024
1029
1040
1050
1053
1058
1059
1068
1080
1083
1090
1091
1092
1096
1101
1103
1110
1116
1122
1123
1126
1127
1131
1148
1151
1154
1158
1163
1164
1167
1172
1175
1178
1184
1202
1204
1206
1210
1216
1232
