156 Wall
'7 0d0 0d0 0d0 0.645d0 0d0 1d0 1d0'
218
230
242
254
266
278
290
302
314
326
338
350
362
210
222
234
246
258
270
282
294
306
318
330
342
354
217
229
241
253
265
277
289
301
313
325
337
349
361
211
223
235
247
259
271
283
295
307
319
331
343
355
216
228
240
252
264
276
288
300
312
324
336
348
360
212
224
236
248
260
272
284
296
308
320
332
344
356
221
233
245
257
269
281
293
305
317
329
341
353
365
213
225
237
249
261
273
285
297
309
321
333
345
357
220
232
244
256
268
280
292
304
316
328
340
352
364
214
226
238
250
262
274
286
298
310
322
334
346
358
219
231
243
255
267
279
291
303
315
327
339
351
363
215
227
239
251
263
275
287
299
311
323
335
347
359

