        2662  Inflow11
'7  0.0000E+00  0.0000E+00  0.0000E+00  0.1775E+01 1.0 1.0 0.0'
     1
     2
     3
     4
     5
     6
     7
     8
     9
    10
    11
    12
    13
    14
    15
    16
    17
    18
    19
    20
    21
    22
   111
   112
   113
   114
   115
   116
   117
   118
   119
   120
   121
   122
   123
   124
   125
   126
   127
   128
   129
   130
   131
   132
   221
   222
   223
   224
   225
   226
   227
   228
   229
   230
   231
   232
   233
   234
   235
   236
   237
   238
   239
   240
   241
   242
   331
   332
   333
   334
   335
   336
   337
   338
   339
   340
   341
   342
   343
   344
   345
   346
   347
   348
   349
   350
   351
   352
   441
   442
   443
   444
   445
   446
   447
   448
   449
   450
   451
   452
   453
   454
   455
   456
   457
   458
   459
   460
   461
   462
   551
   552
   553
   554
   555
   556
   557
   558
   559
   560
   561
   562
   563
   564
   565
   566
   567
   568
   569
   570
   571
   572
   661
   662
   663
   664
   665
   666
   667
   668
   669
   670
   671
   672
   673
   674
   675
   676
   677
   678
   679
   680
   681
   682
   771
   772
   773
   774
   775
   776
   777
   778
   779
   780
   781
   782
   783
   784
   785
   786
   787
   788
   789
   790
   791
   792
   881
   882
   883
   884
   885
   886
   887
   888
   889
   890
   891
   892
   893
   894
   895
   896
   897
   898
   899
   900
   901
   902
   991
   992
   993
   994
   995
   996
   997
   998
   999
  1000
  1001
  1002
  1003
  1004
  1005
  1006
  1007
  1008
  1009
  1010
  1011
  1012
  1101
  1102
  1103
  1104
  1105
  1106
  1107
  1108
  1109
  1110
  1111
  1112
  1113
  1114
  1115
  1116
  1117
  1118
  1119
  1120
  1121
  1122
  1211
  1212
  1213
  1214
  1215
  1216
  1217
  1218
  1219
  1220
  1221
  1222
  1223
  1224
  1225
  1226
  1227
  1228
  1229
  1230
  1231
  1232
  1321
  1322
  1323
  1324
  1325
  1326
  1327
  1328
  1329
  1330
  1331
  1332
  1333
  1334
  1335
  1336
  1337
  1338
  1339
  1340
  1341
  1342
  1431
  1432
  1433
  1434
  1435
  1436
  1437
  1438
  1439
  1440
  1441
  1442
  1443
  1444
  1445
  1446
  1447
  1448
  1449
  1450
  1451
  1452
  1541
  1542
  1543
  1544
  1545
  1546
  1547
  1548
  1549
  1550
  1551
  1552
  1553
  1554
  1555
  1556
  1557
  1558
  1559
  1560
  1561
  1562
  1651
  1652
  1653
  1654
  1655
  1656
  1657
  1658
  1659
  1660
  1661
  1662
  1663
  1664
  1665
  1666
  1667
  1668
  1669
  1670
  1671
  1672
  1761
  1762
  1763
  1764
  1765
  1766
  1767
  1768
  1769
  1770
  1771
  1772
  1773
  1774
  1775
  1776
  1777
  1778
  1779
  1780
  1781
  1782
  1871
  1872
  1873
  1874
  1875
  1876
  1877
  1878
  1879
  1880
  1881
  1882
  1883
  1884
  1885
  1886
  1887
  1888
  1889
  1890
  1891
  1892
  1981
  1982
  1983
  1984
  1985
  1986
  1987
  1988
  1989
  1990
  1991
  1992
  1993
  1994
  1995
  1996
  1997
  1998
  1999
  2000
  2001
  2002
  2091
  2092
  2093
  2094
  2095
  2096
  2097
  2098
  2099
  2100
  2101
  2102
  2103
  2104
  2105
  2106
  2107
  2108
  2109
  2110
  2111
  2112
  2201
  2202
  2203
  2204
  2205
  2206
  2207
  2208
  2209
  2210
  2211
  2212
  2213
  2214
  2215
  2216
  2217
  2218
  2219
  2220
  2221
  2222
  2311
  2312
  2313
  2314
  2315
  2316
  2317
  2318
  2319
  2320
  2321
  2322
  2323
  2324
  2325
  2326
  2327
  2328
  2329
  2330
  2331
  2332
  2421
  2422
  2423
  2424
  2425
  2426
  2427
  2428
  2429
  2430
  2431
  2432
  2433
  2434
  2435
  2436
  2437
  2438
  2439
  2440
  2441
  2442
  2531
  2532
  2533
  2534
  2535
  2536
  2537
  2538
  2539
  2540
  2541
  2542
  2543
  2544
  2545
  2546
  2547
  2548
  2549
  2550
  2551
  2552
  2641
  2642
  2643
  2644
  2645
  2646
  2647
  2648
  2649
  2650
  2651
  2652
  2653
  2654
  2655
  2656
  2657
  2658
  2659
  2660
  2661
  2662
  2751
  2752
  2753
  2754
  2755
  2756
  2757
  2758
  2759
  2760
  2761
  2762
  2763
  2764
  2765
  2766
  2767
  2768
  2769
  2770
  2771
  2772
  2861
  2862
  2863
  2864
  2865
  2866
  2867
  2868
  2869
  2870
  2871
  2872
  2873
  2874
  2875
  2876
  2877
  2878
  2879
  2880
  2881
  2882
  2971
  2972
  2973
  2974
  2975
  2976
  2977
  2978
  2979
  2980
  2981
  2982
  2983
  2984
  2985
  2986
  2987
  2988
  2989
  2990
  2991
  2992
  3081
  3082
  3083
  3084
  3085
  3086
  3087
  3088
  3089
  3090
  3091
  3092
  3093
  3094
  3095
  3096
  3097
  3098
  3099
  3100
  3101
  3102
  3191
  3192
  3193
  3194
  3195
  3196
  3197
  3198
  3199
  3200
  3201
  3202
  3203
  3204
  3205
  3206
  3207
  3208
  3209
  3210
  3211
  3212
  3301
  3302
  3303
  3304
  3305
  3306
  3307
  3308
  3309
  3310
  3311
  3312
  3313
  3314
  3315
  3316
  3317
  3318
  3319
  3320
  3321
  3322
  3411
  3412
  3413
  3414
  3415
  3416
  3417
  3418
  3419
  3420
  3421
  3422
  3423
  3424
  3425
  3426
  3427
  3428
  3429
  3430
  3431
  3432
  3521
  3522
  3523
  3524
  3525
  3526
  3527
  3528
  3529
  3530
  3531
  3532
  3533
  3534
  3535
  3536
  3537
  3538
  3539
  3540
  3541
  3542
  3631
  3632
  3633
  3634
  3635
  3636
  3637
  3638
  3639
  3640
  3641
  3642
  3643
  3644
  3645
  3646
  3647
  3648
  3649
  3650
  3651
  3652
  3741
  3742
  3743
  3744
  3745
  3746
  3747
  3748
  3749
  3750
  3751
  3752
  3753
  3754
  3755
  3756
  3757
  3758
  3759
  3760
  3761
  3762
  3851
  3852
  3853
  3854
  3855
  3856
  3857
  3858
  3859
  3860
  3861
  3862
  3863
  3864
  3865
  3866
  3867
  3868
  3869
  3870
  3871
  3872
  3961
  3962
  3963
  3964
  3965
  3966
  3967
  3968
  3969
  3970
  3971
  3972
  3973
  3974
  3975
  3976
  3977
  3978
  3979
  3980
  3981
  3982
  4071
  4072
  4073
  4074
  4075
  4076
  4077
  4078
  4079
  4080
  4081
  4082
  4083
  4084
  4085
  4086
  4087
  4088
  4089
  4090
  4091
  4092
  4181
  4182
  4183
  4184
  4185
  4186
  4187
  4188
  4189
  4190
  4191
  4192
  4193
  4194
  4195
  4196
  4197
  4198
  4199
  4200
  4201
  4202
  4291
  4292
  4293
  4294
  4295
  4296
  4297
  4298
  4299
  4300
  4301
  4302
  4303
  4304
  4305
  4306
  4307
  4308
  4309
  4310
  4311
  4312
  4401
  4402
  4403
  4404
  4405
  4406
  4407
  4408
  4409
  4410
  4411
  4412
  4413
  4414
  4415
  4416
  4417
  4418
  4419
  4420
  4421
  4422
  4511
  4512
  4513
  4514
  4515
  4516
  4517
  4518
  4519
  4520
  4521
  4522
  4523
  4524
  4525
  4526
  4527
  4528
  4529
  4530
  4531
  4532
  4621
  4622
  4623
  4624
  4625
  4626
  4627
  4628
  4629
  4630
  4631
  4632
  4633
  4634
  4635
  4636
  4637
  4638
  4639
  4640
  4641
  4642
  4731
  4732
  4733
  4734
  4735
  4736
  4737
  4738
  4739
  4740
  4741
  4742
  4743
  4744
  4745
  4746
  4747
  4748
  4749
  4750
  4751
  4752
  4841
  4842
  4843
  4844
  4845
  4846
  4847
  4848
  4849
  4850
  4851
  4852
  4853
  4854
  4855
  4856
  4857
  4858
  4859
  4860
  4861
  4862
  4951
  4952
  4953
  4954
  4955
  4956
  4957
  4958
  4959
  4960
  4961
  4962
  4963
  4964
  4965
  4966
  4967
  4968
  4969
  4970
  4971
  4972
  5061
  5062
  5063
  5064
  5065
  5066
  5067
  5068
  5069
  5070
  5071
  5072
  5073
  5074
  5075
  5076
  5077
  5078
  5079
  5080
  5081
  5082
  5171
  5172
  5173
  5174
  5175
  5176
  5177
  5178
  5179
  5180
  5181
  5182
  5183
  5184
  5185
  5186
  5187
  5188
  5189
  5190
  5191
  5192
  5281
  5282
  5283
  5284
  5285
  5286
  5287
  5288
  5289
  5290
  5291
  5292
  5293
  5294
  5295
  5296
  5297
  5298
  5299
  5300
  5301
  5302
  5391
  5392
  5393
  5394
  5395
  5396
  5397
  5398
  5399
  5400
  5401
  5402
  5403
  5404
  5405
  5406
  5407
  5408
  5409
  5410
  5411
  5412
  5501
  5502
  5503
  5504
  5505
  5506
  5507
  5508
  5509
  5510
  5511
  5512
  5513
  5514
  5515
  5516
  5517
  5518
  5519
  5520
  5521
  5522
  5611
  5612
  5613
  5614
  5615
  5616
  5617
  5618
  5619
  5620
  5621
  5622
  5623
  5624
  5625
  5626
  5627
  5628
  5629
  5630
  5631
  5632
  5721
  5722
  5723
  5724
  5725
  5726
  5727
  5728
  5729
  5730
  5731
  5732
  5733
  5734
  5735
  5736
  5737
  5738
  5739
  5740
  5741
  5742
  5831
  5832
  5833
  5834
  5835
  5836
  5837
  5838
  5839
  5840
  5841
  5842
  5843
  5844
  5845
  5846
  5847
  5848
  5849
  5850
  5851
  5852
  5941
  5942
  5943
  5944
  5945
  5946
  5947
  5948
  5949
  5950
  5951
  5952
  5953
  5954
  5955
  5956
  5957
  5958
  5959
  5960
  5961
  5962
  6051
  6052
  6053
  6054
  6055
  6056
  6057
  6058
  6059
  6060
  6061
  6062
  6063
  6064
  6065
  6066
  6067
  6068
  6069
  6070
  6071
  6072
  6161
  6162
  6163
  6164
  6165
  6166
  6167
  6168
  6169
  6170
  6171
  6172
  6173
  6174
  6175
  6176
  6177
  6178
  6179
  6180
  6181
  6182
  6271
  6272
  6273
  6274
  6275
  6276
  6277
  6278
  6279
  6280
  6281
  6282
  6283
  6284
  6285
  6286
  6287
  6288
  6289
  6290
  6291
  6292
  6381
  6382
  6383
  6384
  6385
  6386
  6387
  6388
  6389
  6390
  6391
  6392
  6393
  6394
  6395
  6396
  6397
  6398
  6399
  6400
  6401
  6402
  6491
  6492
  6493
  6494
  6495
  6496
  6497
  6498
  6499
  6500
  6501
  6502
  6503
  6504
  6505
  6506
  6507
  6508
  6509
  6510
  6511
  6512
  6601
  6602
  6603
  6604
  6605
  6606
  6607
  6608
  6609
  6610
  6611
  6612
  6613
  6614
  6615
  6616
  6617
  6618
  6619
  6620
  6621
  6622
  6711
  6712
  6713
  6714
  6715
  6716
  6717
  6718
  6719
  6720
  6721
  6722
  6723
  6724
  6725
  6726
  6727
  6728
  6729
  6730
  6731
  6732
  6821
  6822
  6823
  6824
  6825
  6826
  6827
  6828
  6829
  6830
  6831
  6832
  6833
  6834
  6835
  6836
  6837
  6838
  6839
  6840
  6841
  6842
  6931
  6932
  6933
  6934
  6935
  6936
  6937
  6938
  6939
  6940
  6941
  6942
  6943
  6944
  6945
  6946
  6947
  6948
  6949
  6950
  6951
  6952
  7041
  7042
  7043
  7044
  7045
  7046
  7047
  7048
  7049
  7050
  7051
  7052
  7053
  7054
  7055
  7056
  7057
  7058
  7059
  7060
  7061
  7062
  7151
  7152
  7153
  7154
  7155
  7156
  7157
  7158
  7159
  7160
  7161
  7162
  7163
  7164
  7165
  7166
  7167
  7168
  7169
  7170
  7171
  7172
  7261
  7262
  7263
  7264
  7265
  7266
  7267
  7268
  7269
  7270
  7271
  7272
  7273
  7274
  7275
  7276
  7277
  7278
  7279
  7280
  7281
  7282
  7371
  7372
  7373
  7374
  7375
  7376
  7377
  7378
  7379
  7380
  7381
  7382
  7383
  7384
  7385
  7386
  7387
  7388
  7389
  7390
  7391
  7392
  7481
  7482
  7483
  7484
  7485
  7486
  7487
  7488
  7489
  7490
  7491
  7492
  7493
  7494
  7495
  7496
  7497
  7498
  7499
  7500
  7501
  7502
  7591
  7592
  7593
  7594
  7595
  7596
  7597
  7598
  7599
  7600
  7601
  7602
  7603
  7604
  7605
  7606
  7607
  7608
  7609
  7610
  7611
  7612
  7701
  7702
  7703
  7704
  7705
  7706
  7707
  7708
  7709
  7710
  7711
  7712
  7713
  7714
  7715
  7716
  7717
  7718
  7719
  7720
  7721
  7722
  7811
  7812
  7813
  7814
  7815
  7816
  7817
  7818
  7819
  7820
  7821
  7822
  7823
  7824
  7825
  7826
  7827
  7828
  7829
  7830
  7831
  7832
  7921
  7922
  7923
  7924
  7925
  7926
  7927
  7928
  7929
  7930
  7931
  7932
  7933
  7934
  7935
  7936
  7937
  7938
  7939
  7940
  7941
  7942
  8031
  8032
  8033
  8034
  8035
  8036
  8037
  8038
  8039
  8040
  8041
  8042
  8043
  8044
  8045
  8046
  8047
  8048
  8049
  8050
  8051
  8052
  8141
  8142
  8143
  8144
  8145
  8146
  8147
  8148
  8149
  8150
  8151
  8152
  8153
  8154
  8155
  8156
  8157
  8158
  8159
  8160
  8161
  8162
  8251
  8252
  8253
  8254
  8255
  8256
  8257
  8258
  8259
  8260
  8261
  8262
  8263
  8264
  8265
  8266
  8267
  8268
  8269
  8270
  8271
  8272
  8361
  8362
  8363
  8364
  8365
  8366
  8367
  8368
  8369
  8370
  8371
  8372
  8373
  8374
  8375
  8376
  8377
  8378
  8379
  8380
  8381
  8382
  8471
  8472
  8473
  8474
  8475
  8476
  8477
  8478
  8479
  8480
  8481
  8482
  8483
  8484
  8485
  8486
  8487
  8488
  8489
  8490
  8491
  8492
  8581
  8582
  8583
  8584
  8585
  8586
  8587
  8588
  8589
  8590
  8591
  8592
  8593
  8594
  8595
  8596
  8597
  8598
  8599
  8600
  8601
  8602
  8691
  8692
  8693
  8694
  8695
  8696
  8697
  8698
  8699
  8700
  8701
  8702
  8703
  8704
  8705
  8706
  8707
  8708
  8709
  8710
  8711
  8712
  8801
  8802
  8803
  8804
  8805
  8806
  8807
  8808
  8809
  8810
  8811
  8812
  8813
  8814
  8815
  8816
  8817
  8818
  8819
  8820
  8821
  8822
  8911
  8912
  8913
  8914
  8915
  8916
  8917
  8918
  8919
  8920
  8921
  8922
  8923
  8924
  8925
  8926
  8927
  8928
  8929
  8930
  8931
  8932
  9021
  9022
  9023
  9024
  9025
  9026
  9027
  9028
  9029
  9030
  9031
  9032
  9033
  9034
  9035
  9036
  9037
  9038
  9039
  9040
  9041
  9042
  9131
  9132
  9133
  9134
  9135
  9136
  9137
  9138
  9139
  9140
  9141
  9142
  9143
  9144
  9145
  9146
  9147
  9148
  9149
  9150
  9151
  9152
  9241
  9242
  9243
  9244
  9245
  9246
  9247
  9248
  9249
  9250
  9251
  9252
  9253
  9254
  9255
  9256
  9257
  9258
  9259
  9260
  9261
  9262
  9351
  9352
  9353
  9354
  9355
  9356
  9357
  9358
  9359
  9360
  9361
  9362
  9363
  9364
  9365
  9366
  9367
  9368
  9369
  9370
  9371
  9372
  9461
  9462
  9463
  9464
  9465
  9466
  9467
  9468
  9469
  9470
  9471
  9472
  9473
  9474
  9475
  9476
  9477
  9478
  9479
  9480
  9481
  9482
  9571
  9572
  9573
  9574
  9575
  9576
  9577
  9578
  9579
  9580
  9581
  9582
  9583
  9584
  9585
  9586
  9587
  9588
  9589
  9590
  9591
  9592
  9681
  9682
  9683
  9684
  9685
  9686
  9687
  9688
  9689
  9690
  9691
  9692
  9693
  9694
  9695
  9696
  9697
  9698
  9699
  9700
  9701
  9702
  9791
  9792
  9793
  9794
  9795
  9796
  9797
  9798
  9799
  9800
  9801
  9802
  9803
  9804
  9805
  9806
  9807
  9808
  9809
  9810
  9811
  9812
  9901
  9902
  9903
  9904
  9905
  9906
  9907
  9908
  9909
  9910
  9911
  9912
  9913
  9914
  9915
  9916
  9917
  9918
  9919
  9920
  9921
  9922
 10011
 10012
 10013
 10014
 10015
 10016
 10017
 10018
 10019
 10020
 10021
 10022
 10023
 10024
 10025
 10026
 10027
 10028
 10029
 10030
 10031
 10032
 10121
 10122
 10123
 10124
 10125
 10126
 10127
 10128
 10129
 10130
 10131
 10132
 10133
 10134
 10135
 10136
 10137
 10138
 10139
 10140
 10141
 10142
 10231
 10232
 10233
 10234
 10235
 10236
 10237
 10238
 10239
 10240
 10241
 10242
 10243
 10244
 10245
 10246
 10247
 10248
 10249
 10250
 10251
 10252
 10341
 10342
 10343
 10344
 10345
 10346
 10347
 10348
 10349
 10350
 10351
 10352
 10353
 10354
 10355
 10356
 10357
 10358
 10359
 10360
 10361
 10362
 10451
 10452
 10453
 10454
 10455
 10456
 10457
 10458
 10459
 10460
 10461
 10462
 10463
 10464
 10465
 10466
 10467
 10468
 10469
 10470
 10471
 10472
 10561
 10562
 10563
 10564
 10565
 10566
 10567
 10568
 10569
 10570
 10571
 10572
 10573
 10574
 10575
 10576
 10577
 10578
 10579
 10580
 10581
 10582
 10671
 10672
 10673
 10674
 10675
 10676
 10677
 10678
 10679
 10680
 10681
 10682
 10683
 10684
 10685
 10686
 10687
 10688
 10689
 10690
 10691
 10692
 10781
 10782
 10783
 10784
 10785
 10786
 10787
 10788
 10789
 10790
 10791
 10792
 10793
 10794
 10795
 10796
 10797
 10798
 10799
 10800
 10801
 10802
 10891
 10892
 10893
 10894
 10895
 10896
 10897
 10898
 10899
 10900
 10901
 10902
 10903
 10904
 10905
 10906
 10907
 10908
 10909
 10910
 10911
 10912
 11001
 11002
 11003
 11004
 11005
 11006
 11007
 11008
 11009
 11010
 11011
 11012
 11013
 11014
 11015
 11016
 11017
 11018
 11019
 11020
 11021
 11022
 11111
 11112
 11113
 11114
 11115
 11116
 11117
 11118
 11119
 11120
 11121
 11122
 11123
 11124
 11125
 11126
 11127
 11128
 11129
 11130
 11131
 11132
 11221
 11222
 11223
 11224
 11225
 11226
 11227
 11228
 11229
 11230
 11231
 11232
 11233
 11234
 11235
 11236
 11237
 11238
 11239
 11240
 11241
 11242
 11331
 11332
 11333
 11334
 11335
 11336
 11337
 11338
 11339
 11340
 11341
 11342
 11343
 11344
 11345
 11346
 11347
 11348
 11349
 11350
 11351
 11352
 11441
 11442
 11443
 11444
 11445
 11446
 11447
 11448
 11449
 11450
 11451
 11452
 11453
 11454
 11455
 11456
 11457
 11458
 11459
 11460
 11461
 11462
 11551
 11552
 11553
 11554
 11555
 11556
 11557
 11558
 11559
 11560
 11561
 11562
 11563
 11564
 11565
 11566
 11567
 11568
 11569
 11570
 11571
 11572
 11661
 11662
 11663
 11664
 11665
 11666
 11667
 11668
 11669
 11670
 11671
 11672
 11673
 11674
 11675
 11676
 11677
 11678
 11679
 11680
 11681
 11682
 11771
 11772
 11773
 11774
 11775
 11776
 11777
 11778
 11779
 11780
 11781
 11782
 11783
 11784
 11785
 11786
 11787
 11788
 11789
 11790
 11791
 11792
 11881
 11882
 11883
 11884
 11885
 11886
 11887
 11888
 11889
 11890
 11891
 11892
 11893
 11894
 11895
 11896
 11897
 11898
 11899
 11900
 11901
 11902
 11991
 11992
 11993
 11994
 11995
 11996
 11997
 11998
 11999
 12000
 12001
 12002
 12003
 12004
 12005
 12006
 12007
 12008
 12009
 12010
 12011
 12012
 12101
 12102
 12103
 12104
 12105
 12106
 12107
 12108
 12109
 12110
 12111
 12112
 12113
 12114
 12115
 12116
 12117
 12118
 12119
 12120
 12121
 12122
 12211
 12212
 12213
 12214
 12215
 12216
 12217
 12218
 12219
 12220
 12221
 12222
 12223
 12224
 12225
 12226
 12227
 12228
 12229
 12230
 12231
 12232
 12321
 12322
 12323
 12324
 12325
 12326
 12327
 12328
 12329
 12330
 12331
 12332
 12333
 12334
 12335
 12336
 12337
 12338
 12339
 12340
 12341
 12342
 12431
 12432
 12433
 12434
 12435
 12436
 12437
 12438
 12439
 12440
 12441
 12442
 12443
 12444
 12445
 12446
 12447
 12448
 12449
 12450
 12451
 12452
 12541
 12542
 12543
 12544
 12545
 12546
 12547
 12548
 12549
 12550
 12551
 12552
 12553
 12554
 12555
 12556
 12557
 12558
 12559
 12560
 12561
 12562
 12651
 12652
 12653
 12654
 12655
 12656
 12657
 12658
 12659
 12660
 12661
 12662
 12663
 12664
 12665
 12666
 12667
 12668
 12669
 12670
 12671
 12672
 12761
 12762
 12763
 12764
 12765
 12766
 12767
 12768
 12769
 12770
 12771
 12772
 12773
 12774
 12775
 12776
 12777
 12778
 12779
 12780
 12781
 12782
 12871
 12872
 12873
 12874
 12875
 12876
 12877
 12878
 12879
 12880
 12881
 12882
 12883
 12884
 12885
 12886
 12887
 12888
 12889
 12890
 12891
 12892
 12981
 12982
 12983
 12984
 12985
 12986
 12987
 12988
 12989
 12990
 12991
 12992
 12993
 12994
 12995
 12996
 12997
 12998
 12999
 13000
 13001
 13002
 13091
 13092
 13093
 13094
 13095
 13096
 13097
 13098
 13099
 13100
 13101
 13102
 13103
 13104
 13105
 13106
 13107
 13108
 13109
 13110
 13111
 13112
 13201
 13202
 13203
 13204
 13205
 13206
 13207
 13208
 13209
 13210
 13211
 13212
 13213
 13214
 13215
 13216
 13217
 13218
 13219
 13220
 13221
 13222
