        2662  Wall
'7  0.0000E+00  0.0000E+00  0.0000E+00  0.3000E+01 1.0 1.0 0.0'
    89
    90
    91
    92
    93
    94
    95
    96
    97
    98
    99
   100
   101
   102
   103
   104
   105
   106
   107
   108
   109
   110
   199
   200
   201
   202
   203
   204
   205
   206
   207
   208
   209
   210
   211
   212
   213
   214
   215
   216
   217
   218
   219
   220
   309
   310
   311
   312
   313
   314
   315
   316
   317
   318
   319
   320
   321
   322
   323
   324
   325
   326
   327
   328
   329
   330
   419
   420
   421
   422
   423
   424
   425
   426
   427
   428
   429
   430
   431
   432
   433
   434
   435
   436
   437
   438
   439
   440
   529
   530
   531
   532
   533
   534
   535
   536
   537
   538
   539
   540
   541
   542
   543
   544
   545
   546
   547
   548
   549
   550
   639
   640
   641
   642
   643
   644
   645
   646
   647
   648
   649
   650
   651
   652
   653
   654
   655
   656
   657
   658
   659
   660
   749
   750
   751
   752
   753
   754
   755
   756
   757
   758
   759
   760
   761
   762
   763
   764
   765
   766
   767
   768
   769
   770
   859
   860
   861
   862
   863
   864
   865
   866
   867
   868
   869
   870
   871
   872
   873
   874
   875
   876
   877
   878
   879
   880
   969
   970
   971
   972
   973
   974
   975
   976
   977
   978
   979
   980
   981
   982
   983
   984
   985
   986
   987
   988
   989
   990
  1079
  1080
  1081
  1082
  1083
  1084
  1085
  1086
  1087
  1088
  1089
  1090
  1091
  1092
  1093
  1094
  1095
  1096
  1097
  1098
  1099
  1100
  1189
  1190
  1191
  1192
  1193
  1194
  1195
  1196
  1197
  1198
  1199
  1200
  1201
  1202
  1203
  1204
  1205
  1206
  1207
  1208
  1209
  1210
  1299
  1300
  1301
  1302
  1303
  1304
  1305
  1306
  1307
  1308
  1309
  1310
  1311
  1312
  1313
  1314
  1315
  1316
  1317
  1318
  1319
  1320
  1409
  1410
  1411
  1412
  1413
  1414
  1415
  1416
  1417
  1418
  1419
  1420
  1421
  1422
  1423
  1424
  1425
  1426
  1427
  1428
  1429
  1430
  1519
  1520
  1521
  1522
  1523
  1524
  1525
  1526
  1527
  1528
  1529
  1530
  1531
  1532
  1533
  1534
  1535
  1536
  1537
  1538
  1539
  1540
  1629
  1630
  1631
  1632
  1633
  1634
  1635
  1636
  1637
  1638
  1639
  1640
  1641
  1642
  1643
  1644
  1645
  1646
  1647
  1648
  1649
  1650
  1739
  1740
  1741
  1742
  1743
  1744
  1745
  1746
  1747
  1748
  1749
  1750
  1751
  1752
  1753
  1754
  1755
  1756
  1757
  1758
  1759
  1760
  1849
  1850
  1851
  1852
  1853
  1854
  1855
  1856
  1857
  1858
  1859
  1860
  1861
  1862
  1863
  1864
  1865
  1866
  1867
  1868
  1869
  1870
  1959
  1960
  1961
  1962
  1963
  1964
  1965
  1966
  1967
  1968
  1969
  1970
  1971
  1972
  1973
  1974
  1975
  1976
  1977
  1978
  1979
  1980
  2069
  2070
  2071
  2072
  2073
  2074
  2075
  2076
  2077
  2078
  2079
  2080
  2081
  2082
  2083
  2084
  2085
  2086
  2087
  2088
  2089
  2090
  2179
  2180
  2181
  2182
  2183
  2184
  2185
  2186
  2187
  2188
  2189
  2190
  2191
  2192
  2193
  2194
  2195
  2196
  2197
  2198
  2199
  2200
  2289
  2290
  2291
  2292
  2293
  2294
  2295
  2296
  2297
  2298
  2299
  2300
  2301
  2302
  2303
  2304
  2305
  2306
  2307
  2308
  2309
  2310
  2399
  2400
  2401
  2402
  2403
  2404
  2405
  2406
  2407
  2408
  2409
  2410
  2411
  2412
  2413
  2414
  2415
  2416
  2417
  2418
  2419
  2420
  2509
  2510
  2511
  2512
  2513
  2514
  2515
  2516
  2517
  2518
  2519
  2520
  2521
  2522
  2523
  2524
  2525
  2526
  2527
  2528
  2529
  2530
  2619
  2620
  2621
  2622
  2623
  2624
  2625
  2626
  2627
  2628
  2629
  2630
  2631
  2632
  2633
  2634
  2635
  2636
  2637
  2638
  2639
  2640
  2729
  2730
  2731
  2732
  2733
  2734
  2735
  2736
  2737
  2738
  2739
  2740
  2741
  2742
  2743
  2744
  2745
  2746
  2747
  2748
  2749
  2750
  2839
  2840
  2841
  2842
  2843
  2844
  2845
  2846
  2847
  2848
  2849
  2850
  2851
  2852
  2853
  2854
  2855
  2856
  2857
  2858
  2859
  2860
  2949
  2950
  2951
  2952
  2953
  2954
  2955
  2956
  2957
  2958
  2959
  2960
  2961
  2962
  2963
  2964
  2965
  2966
  2967
  2968
  2969
  2970
  3059
  3060
  3061
  3062
  3063
  3064
  3065
  3066
  3067
  3068
  3069
  3070
  3071
  3072
  3073
  3074
  3075
  3076
  3077
  3078
  3079
  3080
  3169
  3170
  3171
  3172
  3173
  3174
  3175
  3176
  3177
  3178
  3179
  3180
  3181
  3182
  3183
  3184
  3185
  3186
  3187
  3188
  3189
  3190
  3279
  3280
  3281
  3282
  3283
  3284
  3285
  3286
  3287
  3288
  3289
  3290
  3291
  3292
  3293
  3294
  3295
  3296
  3297
  3298
  3299
  3300
  3389
  3390
  3391
  3392
  3393
  3394
  3395
  3396
  3397
  3398
  3399
  3400
  3401
  3402
  3403
  3404
  3405
  3406
  3407
  3408
  3409
  3410
  3499
  3500
  3501
  3502
  3503
  3504
  3505
  3506
  3507
  3508
  3509
  3510
  3511
  3512
  3513
  3514
  3515
  3516
  3517
  3518
  3519
  3520
  3609
  3610
  3611
  3612
  3613
  3614
  3615
  3616
  3617
  3618
  3619
  3620
  3621
  3622
  3623
  3624
  3625
  3626
  3627
  3628
  3629
  3630
  3719
  3720
  3721
  3722
  3723
  3724
  3725
  3726
  3727
  3728
  3729
  3730
  3731
  3732
  3733
  3734
  3735
  3736
  3737
  3738
  3739
  3740
  3829
  3830
  3831
  3832
  3833
  3834
  3835
  3836
  3837
  3838
  3839
  3840
  3841
  3842
  3843
  3844
  3845
  3846
  3847
  3848
  3849
  3850
  3939
  3940
  3941
  3942
  3943
  3944
  3945
  3946
  3947
  3948
  3949
  3950
  3951
  3952
  3953
  3954
  3955
  3956
  3957
  3958
  3959
  3960
  4049
  4050
  4051
  4052
  4053
  4054
  4055
  4056
  4057
  4058
  4059
  4060
  4061
  4062
  4063
  4064
  4065
  4066
  4067
  4068
  4069
  4070
  4159
  4160
  4161
  4162
  4163
  4164
  4165
  4166
  4167
  4168
  4169
  4170
  4171
  4172
  4173
  4174
  4175
  4176
  4177
  4178
  4179
  4180
  4269
  4270
  4271
  4272
  4273
  4274
  4275
  4276
  4277
  4278
  4279
  4280
  4281
  4282
  4283
  4284
  4285
  4286
  4287
  4288
  4289
  4290
  4379
  4380
  4381
  4382
  4383
  4384
  4385
  4386
  4387
  4388
  4389
  4390
  4391
  4392
  4393
  4394
  4395
  4396
  4397
  4398
  4399
  4400
  4489
  4490
  4491
  4492
  4493
  4494
  4495
  4496
  4497
  4498
  4499
  4500
  4501
  4502
  4503
  4504
  4505
  4506
  4507
  4508
  4509
  4510
  4599
  4600
  4601
  4602
  4603
  4604
  4605
  4606
  4607
  4608
  4609
  4610
  4611
  4612
  4613
  4614
  4615
  4616
  4617
  4618
  4619
  4620
  4709
  4710
  4711
  4712
  4713
  4714
  4715
  4716
  4717
  4718
  4719
  4720
  4721
  4722
  4723
  4724
  4725
  4726
  4727
  4728
  4729
  4730
  4819
  4820
  4821
  4822
  4823
  4824
  4825
  4826
  4827
  4828
  4829
  4830
  4831
  4832
  4833
  4834
  4835
  4836
  4837
  4838
  4839
  4840
  4929
  4930
  4931
  4932
  4933
  4934
  4935
  4936
  4937
  4938
  4939
  4940
  4941
  4942
  4943
  4944
  4945
  4946
  4947
  4948
  4949
  4950
  5039
  5040
  5041
  5042
  5043
  5044
  5045
  5046
  5047
  5048
  5049
  5050
  5051
  5052
  5053
  5054
  5055
  5056
  5057
  5058
  5059
  5060
  5149
  5150
  5151
  5152
  5153
  5154
  5155
  5156
  5157
  5158
  5159
  5160
  5161
  5162
  5163
  5164
  5165
  5166
  5167
  5168
  5169
  5170
  5259
  5260
  5261
  5262
  5263
  5264
  5265
  5266
  5267
  5268
  5269
  5270
  5271
  5272
  5273
  5274
  5275
  5276
  5277
  5278
  5279
  5280
  5369
  5370
  5371
  5372
  5373
  5374
  5375
  5376
  5377
  5378
  5379
  5380
  5381
  5382
  5383
  5384
  5385
  5386
  5387
  5388
  5389
  5390
  5479
  5480
  5481
  5482
  5483
  5484
  5485
  5486
  5487
  5488
  5489
  5490
  5491
  5492
  5493
  5494
  5495
  5496
  5497
  5498
  5499
  5500
  5589
  5590
  5591
  5592
  5593
  5594
  5595
  5596
  5597
  5598
  5599
  5600
  5601
  5602
  5603
  5604
  5605
  5606
  5607
  5608
  5609
  5610
  5699
  5700
  5701
  5702
  5703
  5704
  5705
  5706
  5707
  5708
  5709
  5710
  5711
  5712
  5713
  5714
  5715
  5716
  5717
  5718
  5719
  5720
  5809
  5810
  5811
  5812
  5813
  5814
  5815
  5816
  5817
  5818
  5819
  5820
  5821
  5822
  5823
  5824
  5825
  5826
  5827
  5828
  5829
  5830
  5919
  5920
  5921
  5922
  5923
  5924
  5925
  5926
  5927
  5928
  5929
  5930
  5931
  5932
  5933
  5934
  5935
  5936
  5937
  5938
  5939
  5940
  6029
  6030
  6031
  6032
  6033
  6034
  6035
  6036
  6037
  6038
  6039
  6040
  6041
  6042
  6043
  6044
  6045
  6046
  6047
  6048
  6049
  6050
  6139
  6140
  6141
  6142
  6143
  6144
  6145
  6146
  6147
  6148
  6149
  6150
  6151
  6152
  6153
  6154
  6155
  6156
  6157
  6158
  6159
  6160
  6249
  6250
  6251
  6252
  6253
  6254
  6255
  6256
  6257
  6258
  6259
  6260
  6261
  6262
  6263
  6264
  6265
  6266
  6267
  6268
  6269
  6270
  6359
  6360
  6361
  6362
  6363
  6364
  6365
  6366
  6367
  6368
  6369
  6370
  6371
  6372
  6373
  6374
  6375
  6376
  6377
  6378
  6379
  6380
  6469
  6470
  6471
  6472
  6473
  6474
  6475
  6476
  6477
  6478
  6479
  6480
  6481
  6482
  6483
  6484
  6485
  6486
  6487
  6488
  6489
  6490
  6579
  6580
  6581
  6582
  6583
  6584
  6585
  6586
  6587
  6588
  6589
  6590
  6591
  6592
  6593
  6594
  6595
  6596
  6597
  6598
  6599
  6600
  6689
  6690
  6691
  6692
  6693
  6694
  6695
  6696
  6697
  6698
  6699
  6700
  6701
  6702
  6703
  6704
  6705
  6706
  6707
  6708
  6709
  6710
  6799
  6800
  6801
  6802
  6803
  6804
  6805
  6806
  6807
  6808
  6809
  6810
  6811
  6812
  6813
  6814
  6815
  6816
  6817
  6818
  6819
  6820
  6909
  6910
  6911
  6912
  6913
  6914
  6915
  6916
  6917
  6918
  6919
  6920
  6921
  6922
  6923
  6924
  6925
  6926
  6927
  6928
  6929
  6930
  7019
  7020
  7021
  7022
  7023
  7024
  7025
  7026
  7027
  7028
  7029
  7030
  7031
  7032
  7033
  7034
  7035
  7036
  7037
  7038
  7039
  7040
  7129
  7130
  7131
  7132
  7133
  7134
  7135
  7136
  7137
  7138
  7139
  7140
  7141
  7142
  7143
  7144
  7145
  7146
  7147
  7148
  7149
  7150
  7239
  7240
  7241
  7242
  7243
  7244
  7245
  7246
  7247
  7248
  7249
  7250
  7251
  7252
  7253
  7254
  7255
  7256
  7257
  7258
  7259
  7260
  7349
  7350
  7351
  7352
  7353
  7354
  7355
  7356
  7357
  7358
  7359
  7360
  7361
  7362
  7363
  7364
  7365
  7366
  7367
  7368
  7369
  7370
  7459
  7460
  7461
  7462
  7463
  7464
  7465
  7466
  7467
  7468
  7469
  7470
  7471
  7472
  7473
  7474
  7475
  7476
  7477
  7478
  7479
  7480
  7569
  7570
  7571
  7572
  7573
  7574
  7575
  7576
  7577
  7578
  7579
  7580
  7581
  7582
  7583
  7584
  7585
  7586
  7587
  7588
  7589
  7590
  7679
  7680
  7681
  7682
  7683
  7684
  7685
  7686
  7687
  7688
  7689
  7690
  7691
  7692
  7693
  7694
  7695
  7696
  7697
  7698
  7699
  7700
  7789
  7790
  7791
  7792
  7793
  7794
  7795
  7796
  7797
  7798
  7799
  7800
  7801
  7802
  7803
  7804
  7805
  7806
  7807
  7808
  7809
  7810
  7899
  7900
  7901
  7902
  7903
  7904
  7905
  7906
  7907
  7908
  7909
  7910
  7911
  7912
  7913
  7914
  7915
  7916
  7917
  7918
  7919
  7920
  8009
  8010
  8011
  8012
  8013
  8014
  8015
  8016
  8017
  8018
  8019
  8020
  8021
  8022
  8023
  8024
  8025
  8026
  8027
  8028
  8029
  8030
  8119
  8120
  8121
  8122
  8123
  8124
  8125
  8126
  8127
  8128
  8129
  8130
  8131
  8132
  8133
  8134
  8135
  8136
  8137
  8138
  8139
  8140
  8229
  8230
  8231
  8232
  8233
  8234
  8235
  8236
  8237
  8238
  8239
  8240
  8241
  8242
  8243
  8244
  8245
  8246
  8247
  8248
  8249
  8250
  8339
  8340
  8341
  8342
  8343
  8344
  8345
  8346
  8347
  8348
  8349
  8350
  8351
  8352
  8353
  8354
  8355
  8356
  8357
  8358
  8359
  8360
  8449
  8450
  8451
  8452
  8453
  8454
  8455
  8456
  8457
  8458
  8459
  8460
  8461
  8462
  8463
  8464
  8465
  8466
  8467
  8468
  8469
  8470
  8559
  8560
  8561
  8562
  8563
  8564
  8565
  8566
  8567
  8568
  8569
  8570
  8571
  8572
  8573
  8574
  8575
  8576
  8577
  8578
  8579
  8580
  8669
  8670
  8671
  8672
  8673
  8674
  8675
  8676
  8677
  8678
  8679
  8680
  8681
  8682
  8683
  8684
  8685
  8686
  8687
  8688
  8689
  8690
  8779
  8780
  8781
  8782
  8783
  8784
  8785
  8786
  8787
  8788
  8789
  8790
  8791
  8792
  8793
  8794
  8795
  8796
  8797
  8798
  8799
  8800
  8889
  8890
  8891
  8892
  8893
  8894
  8895
  8896
  8897
  8898
  8899
  8900
  8901
  8902
  8903
  8904
  8905
  8906
  8907
  8908
  8909
  8910
  8999
  9000
  9001
  9002
  9003
  9004
  9005
  9006
  9007
  9008
  9009
  9010
  9011
  9012
  9013
  9014
  9015
  9016
  9017
  9018
  9019
  9020
  9109
  9110
  9111
  9112
  9113
  9114
  9115
  9116
  9117
  9118
  9119
  9120
  9121
  9122
  9123
  9124
  9125
  9126
  9127
  9128
  9129
  9130
  9219
  9220
  9221
  9222
  9223
  9224
  9225
  9226
  9227
  9228
  9229
  9230
  9231
  9232
  9233
  9234
  9235
  9236
  9237
  9238
  9239
  9240
  9329
  9330
  9331
  9332
  9333
  9334
  9335
  9336
  9337
  9338
  9339
  9340
  9341
  9342
  9343
  9344
  9345
  9346
  9347
  9348
  9349
  9350
  9439
  9440
  9441
  9442
  9443
  9444
  9445
  9446
  9447
  9448
  9449
  9450
  9451
  9452
  9453
  9454
  9455
  9456
  9457
  9458
  9459
  9460
  9549
  9550
  9551
  9552
  9553
  9554
  9555
  9556
  9557
  9558
  9559
  9560
  9561
  9562
  9563
  9564
  9565
  9566
  9567
  9568
  9569
  9570
  9659
  9660
  9661
  9662
  9663
  9664
  9665
  9666
  9667
  9668
  9669
  9670
  9671
  9672
  9673
  9674
  9675
  9676
  9677
  9678
  9679
  9680
  9769
  9770
  9771
  9772
  9773
  9774
  9775
  9776
  9777
  9778
  9779
  9780
  9781
  9782
  9783
  9784
  9785
  9786
  9787
  9788
  9789
  9790
  9879
  9880
  9881
  9882
  9883
  9884
  9885
  9886
  9887
  9888
  9889
  9890
  9891
  9892
  9893
  9894
  9895
  9896
  9897
  9898
  9899
  9900
  9989
  9990
  9991
  9992
  9993
  9994
  9995
  9996
  9997
  9998
  9999
 10000
 10001
 10002
 10003
 10004
 10005
 10006
 10007
 10008
 10009
 10010
 10099
 10100
 10101
 10102
 10103
 10104
 10105
 10106
 10107
 10108
 10109
 10110
 10111
 10112
 10113
 10114
 10115
 10116
 10117
 10118
 10119
 10120
 10209
 10210
 10211
 10212
 10213
 10214
 10215
 10216
 10217
 10218
 10219
 10220
 10221
 10222
 10223
 10224
 10225
 10226
 10227
 10228
 10229
 10230
 10319
 10320
 10321
 10322
 10323
 10324
 10325
 10326
 10327
 10328
 10329
 10330
 10331
 10332
 10333
 10334
 10335
 10336
 10337
 10338
 10339
 10340
 10429
 10430
 10431
 10432
 10433
 10434
 10435
 10436
 10437
 10438
 10439
 10440
 10441
 10442
 10443
 10444
 10445
 10446
 10447
 10448
 10449
 10450
 10539
 10540
 10541
 10542
 10543
 10544
 10545
 10546
 10547
 10548
 10549
 10550
 10551
 10552
 10553
 10554
 10555
 10556
 10557
 10558
 10559
 10560
 10649
 10650
 10651
 10652
 10653
 10654
 10655
 10656
 10657
 10658
 10659
 10660
 10661
 10662
 10663
 10664
 10665
 10666
 10667
 10668
 10669
 10670
 10759
 10760
 10761
 10762
 10763
 10764
 10765
 10766
 10767
 10768
 10769
 10770
 10771
 10772
 10773
 10774
 10775
 10776
 10777
 10778
 10779
 10780
 10869
 10870
 10871
 10872
 10873
 10874
 10875
 10876
 10877
 10878
 10879
 10880
 10881
 10882
 10883
 10884
 10885
 10886
 10887
 10888
 10889
 10890
 10979
 10980
 10981
 10982
 10983
 10984
 10985
 10986
 10987
 10988
 10989
 10990
 10991
 10992
 10993
 10994
 10995
 10996
 10997
 10998
 10999
 11000
 11089
 11090
 11091
 11092
 11093
 11094
 11095
 11096
 11097
 11098
 11099
 11100
 11101
 11102
 11103
 11104
 11105
 11106
 11107
 11108
 11109
 11110
 11199
 11200
 11201
 11202
 11203
 11204
 11205
 11206
 11207
 11208
 11209
 11210
 11211
 11212
 11213
 11214
 11215
 11216
 11217
 11218
 11219
 11220
 11309
 11310
 11311
 11312
 11313
 11314
 11315
 11316
 11317
 11318
 11319
 11320
 11321
 11322
 11323
 11324
 11325
 11326
 11327
 11328
 11329
 11330
 11419
 11420
 11421
 11422
 11423
 11424
 11425
 11426
 11427
 11428
 11429
 11430
 11431
 11432
 11433
 11434
 11435
 11436
 11437
 11438
 11439
 11440
 11529
 11530
 11531
 11532
 11533
 11534
 11535
 11536
 11537
 11538
 11539
 11540
 11541
 11542
 11543
 11544
 11545
 11546
 11547
 11548
 11549
 11550
 11639
 11640
 11641
 11642
 11643
 11644
 11645
 11646
 11647
 11648
 11649
 11650
 11651
 11652
 11653
 11654
 11655
 11656
 11657
 11658
 11659
 11660
 11749
 11750
 11751
 11752
 11753
 11754
 11755
 11756
 11757
 11758
 11759
 11760
 11761
 11762
 11763
 11764
 11765
 11766
 11767
 11768
 11769
 11770
 11859
 11860
 11861
 11862
 11863
 11864
 11865
 11866
 11867
 11868
 11869
 11870
 11871
 11872
 11873
 11874
 11875
 11876
 11877
 11878
 11879
 11880
 11969
 11970
 11971
 11972
 11973
 11974
 11975
 11976
 11977
 11978
 11979
 11980
 11981
 11982
 11983
 11984
 11985
 11986
 11987
 11988
 11989
 11990
 12079
 12080
 12081
 12082
 12083
 12084
 12085
 12086
 12087
 12088
 12089
 12090
 12091
 12092
 12093
 12094
 12095
 12096
 12097
 12098
 12099
 12100
 12189
 12190
 12191
 12192
 12193
 12194
 12195
 12196
 12197
 12198
 12199
 12200
 12201
 12202
 12203
 12204
 12205
 12206
 12207
 12208
 12209
 12210
 12299
 12300
 12301
 12302
 12303
 12304
 12305
 12306
 12307
 12308
 12309
 12310
 12311
 12312
 12313
 12314
 12315
 12316
 12317
 12318
 12319
 12320
 12409
 12410
 12411
 12412
 12413
 12414
 12415
 12416
 12417
 12418
 12419
 12420
 12421
 12422
 12423
 12424
 12425
 12426
 12427
 12428
 12429
 12430
 12519
 12520
 12521
 12522
 12523
 12524
 12525
 12526
 12527
 12528
 12529
 12530
 12531
 12532
 12533
 12534
 12535
 12536
 12537
 12538
 12539
 12540
 12629
 12630
 12631
 12632
 12633
 12634
 12635
 12636
 12637
 12638
 12639
 12640
 12641
 12642
 12643
 12644
 12645
 12646
 12647
 12648
 12649
 12650
 12739
 12740
 12741
 12742
 12743
 12744
 12745
 12746
 12747
 12748
 12749
 12750
 12751
 12752
 12753
 12754
 12755
 12756
 12757
 12758
 12759
 12760
 12849
 12850
 12851
 12852
 12853
 12854
 12855
 12856
 12857
 12858
 12859
 12860
 12861
 12862
 12863
 12864
 12865
 12866
 12867
 12868
 12869
 12870
 12959
 12960
 12961
 12962
 12963
 12964
 12965
 12966
 12967
 12968
 12969
 12970
 12971
 12972
 12973
 12974
 12975
 12976
 12977
 12978
 12979
 12980
 13069
 13070
 13071
 13072
 13073
 13074
 13075
 13076
 13077
 13078
 13079
 13080
 13081
 13082
 13083
 13084
 13085
 13086
 13087
 13088
 13089
 13090
 13179
 13180
 13181
 13182
 13183
 13184
 13185
 13186
 13187
 13188
 13189
 13190
 13191
 13192
 13193
 13194
 13195
 13196
 13197
 13198
 13199
 13200
 13289
 13290
 13291
 13292
 13293
 13294
 13295
 13296
 13297
 13298
 13299
 13300
 13301
 13302
 13303
 13304
 13305
 13306
 13307
 13308
 13309
 13310
