         110  Outflow
'4 0.0 0.0 1.0 -0.7100E+02'
 13201
 13202
 13203
 13204
 13205
 13206
 13207
 13208
 13209
 13210
 13211
 13212
 13213
 13214
 13215
 13216
 13217
 13218
 13219
 13220
 13221
 13222
 13223
 13224
 13225
 13226
 13227
 13228
 13229
 13230
 13231
 13232
 13233
 13234
 13235
 13236
 13237
 13238
 13239
 13240
 13241
 13242
 13243
 13244
 13245
 13246
 13247
 13248
 13249
 13250
 13251
 13252
 13253
 13254
 13255
 13256
 13257
 13258
 13259
 13260
 13261
 13262
 13263
 13264
 13265
 13266
 13267
 13268
 13269
 13270
 13271
 13272
 13273
 13274
 13275
 13276
 13277
 13278
 13279
 13280
 13281
 13282
 13283
 13284
 13285
 13286
 13287
 13288
 13289
 13290
 13291
 13292
 13293
 13294
 13295
 13296
 13297
 13298
 13299
 13300
 13301
 13302
 13303
 13304
 13305
 13306
 13307
 13308
 13309
 13310
