2425 Symmetry001
' '
1
2
3
4
5
6
7
8
9
10
11
12
13
14
15
16
17
18
19
20
21
22
23
24
25
26
27
28
29
30
31
32
33
34
35
36
37
38
39
40
41
42
43
44
45
46
47
48
49
50
51
52
53
54
55
56
57
58
59
60
61
62
63
64
65
66
67
68
69
70
71
72
73
74
75
76
77
78
79
80
81
82
83
84
85
86
87
88
89
90
91
92
93
94
95
96
97
98
99
100
101
102
103
104
105
106
107
108
109
110
111
112
113
114
115
116
117
118
119
120
121
122
123
124
125
126
127
128
129
130
131
132
133
134
135
136
137
138
139
140
141
142
143
144
145
146
147
148
149
150
151
152
153
154
155
156
157
158
159
160
161
162
163
164
165
166
167
168
169
170
171
172
173
174
175
176
177
178
179
180
181
182
183
184
185
186
187
188
189
190
191
192
193
194
195
196
197
198
199
200
201
202
203
204
205
206
207
208
209
210
211
212
213
214
215
216
217
218
219
220
221
222
223
224
225
226
227
228
229
230
231
232
233
234
235
236
237
238
239
240
241
242
243
244
245
246
247
248
249
250
251
252
253
254
255
256
257
258
259
260
261
262
263
264
265
266
267
268
269
270
271
272
273
274
275
276
277
278
279
280
281
282
283
284
285
286
287
288
289
290
291
292
293
294
295
296
297
298
299
300
301
302
303
304
305
306
307
308
309
310
311
312
313
314
315
316
317
318
319
320
321
322
323
324
325
326
327
328
329
330
331
332
333
334
335
336
337
338
339
340
341
342
343
344
345
346
347
348
349
350
351
352
353
354
355
356
357
358
359
360
361
362
363
364
365
366
367
368
369
370
371
372
373
374
375
376
377
378
379
380
381
382
383
384
385
386
387
388
389
390
391
392
393
394
395
396
397
398
399
400
401
402
403
404
405
406
407
408
409
410
411
412
413
414
415
416
417
418
419
420
421
422
423
424
425
426
427
428
429
430
431
432
433
434
435
436
437
438
439
440
441
442
443
444
445
446
447
448
449
450
451
452
453
454
455
456
457
458
459
460
461
462
463
464
465
466
467
468
469
470
471
472
473
474
475
476
477
478
479
480
481
482
483
484
485
486
487
488
489
490
491
492
493
494
495
496
497
498
499
500
501
502
503
504
505
506
507
508
509
510
511
512
513
514
515
516
517
518
519
520
521
522
523
524
525
526
527
528
529
530
531
532
533
534
535
536
537
538
539
540
541
542
543
544
545
546
547
548
549
550
551
552
553
554
555
556
557
558
559
560
561
562
563
564
565
566
567
568
569
570
571
572
573
574
575
1153
1157
1159
1160
1161
1167
1170
1171
1174
1175
1177
1179
1180
1181
1182
1184
1186
1189
1191
1192
1193
1198
1199
1200
1201
1205
1210
1216
1220
1222
1223
1226
1228
1230
1231
1232
1234
1241
1242
1244
1247
1250
1252
1254
1258
1260
1261
1263
1264
1265
1267
1269
1275
1279
1281
1282
1284
1286
1290
1291
1296
1297
1298
1300
1301
1303
1305
1309
1310
1311
1312
1313
1314
1317
1321
1324
1325
1327
1329
1330
1331
1333
1335
1337
1339
1342
1343
1345
1348
1349
1350
1352
1354
1356
1357
1360
1363
1364
1365
1366
1368
1369
1370
1371
1372
1373
1374
1375
1377
1379
1383
1393
1394
1395
1396
1403
1406
1407
1408
1410
1415
1417
1418
1425
1426
1428
1430
1432
1433
1434
1436
1437
1439
1440
1441
1442
1444
1445
1447
1449
1451
1452
1453
1456
1457
1462
1466
1467
1472
1473
1474
1475
1476
1477
1478
1479
1480
1481
1482
1483
1484
1485
1489
1490
1493
1494
1495
1499
1502
1504
1507
1509
1510
1511
1513
1514
1515
1518
1519
1524
1525
1526
1529
1532
1533
1534
1537
1538
1541
1542
1543
1545
1546
1551
1552
1554
1556
1563
1564
1566
1567
1568
1569
1570
1571
1575
1576
1577
1579
1580
1581
1583
1584
1587
1588
1590
1593
1594
1595
1596
1597
1600
1601
1602
1604
1608
1609
1610
1612
1616
1617
1618
1619
1620
1621
1622
1624
1626
1627
1630
1632
1633
1635
1636
1638
1641
1644
1645
1651
1652
1653
1655
1657
1659
1662
1664
1665
1667
1668
1670
1671
1672
1674
1678
1681
1682
1684
1686
1689
1691
1694
1695
1697
1698
1699
1700
1702
1704
1708
1714
1716
1717
1718
1722
1723
1726
1728
1729
1730
1731
1735
1737
1738
1739
1740
1744
1745
1746
1747
1751
1752
1753
1756
1757
1758
1760
1762
1766
1767
1770
1775
1776
1778
1779
1780
1781
1782
1783
1784
1787
1788
1789
1790
1791
1794
1798
1800
1801
1802
1804
1805
1807
1808
1811
1812
1815
1816
1817
1818
1820
1821
1824
1827
1829
1830
1831
1832
1833
1834
1836
1839
1841
1842
1845
1853
1855
1856
1857
1860
1862
1863
1866
1873
1874
1876
1879
1880
1883
1886
1891
1894
1895
1896
1905
1907
1908
1909
1912
1913
1916
1918
1919
1920
1921
1923
1924
1931
1933
1934
1936
1938
1939
1941
1942
1943
1944
1945
1946
1948
1949
1951
1952
1953
1954
1957
1958
1959
1963
1965
1966
1968
1971
1973
1976
1977
1979
1981
1982
1983
1984
1985
1986
1988
1989
1992
1993
1995
1996
1997
1999
2000
2001
2002
2003
2008
2009
2011
2013
2014
2016
2018
2019
2023
2027
2028
2029
2030
2031
2033
2035
2037
2038
2039
2043
2044
2045
2054
2056
2058
2061
2062
2067
2069
2071
2072
2078
2083
2085
2086
2089
2090
2092
2095
2100
2101
2102
2103
2105
2107
2108
2109
2110
2111
2113
2114
2115
2116
2117
2118
2119
2120
2121
2122
2124
2125
2126
2128
2129
2130
2131
2132
2142
2143
2144
2145
2146
2148
2149
2150
2154
2155
2156
2157
2158
2159
2161
2162
2165
2170
2172
2180
2181
2184
2185
2187
2188
2190
2196
2198
2199
2200
2201
2202
2204
2209
2210
2212
2213
2214
2216
2218
2222
2223
2225
2227
2230
2235
2236
2237
2238
2239
2242
2243
2244
2245
2248
2249
2250
2251
2252
2255
2256
2258
2267
2271
2274
2278
2280
2282
2283
2289
2290
2294
2295
2297
2301
2302
2303
2304
2307
2309
2312
2314
2315
2316
2318
2321
2322
2323
2325
2327
2329
2330
2331
2337
2340
2342
2346
2349
2351
2352
2354
2356
2358
2360
2362
2363
2365
2367
2368
2369
2370
2371
2372
2375
2378
2379
2383
2386
2388
2389
2390
2391
2392
2397
2399
2402
2404
2406
2408
2410
2411
2412
2413
2416
2419
2422
2423
2424
2425
2426
2431
2432
2434
2437
2439
2442
2443
2444
2445
2446
2448
2449
2451
2454
2457
2459
2460
2461
2463
2465
2466
2469
2470
2471
2472
2474
2483
2484
2485
2486
2488
2490
2493
2494
2495
2496
2497
2498
2503
2504
2505
2506
2507
2508
2511
2514
2515
2516
2519
2522
2523
2524
2529
2530
2533
2534
2535
2536
2538
2539
2542
2544
2546
2549
2550
2552
2553
2556
2557
2559
2560
2563
2565
2566
2568
2569
2571
2575
2579
2581
2582
2583
2585
2587
2588
2589
2590
2591
2592
2593
2594
2595
2599
2602
2606
2607
2610
2611
2612
2613
2616
2619
2621
2622
2623
2625
2626
2628
2630
2632
2636
2639
2641
2642
2643
2649
2651
2652
2653
2654
2655
2656
2658
2661
2664
2666
2667
2668
2670
2671
2672
2675
2676
2679
2682
2688
2689
2696
2697
2700
2701
2702
2705
2706
2708
2711
2712
2713
2714
2715
2717
2724
2725
2726
2727
2731
2733
2738
2739
2746
2749
2751
2753
2758
2760
2761
2763
2764
2765
2766
2768
2770
2777
2778
2779
2780
2781
2783
2788
2789
2791
2793
2794
2798
2801
2804
2805
2808
2810
2811
2812
2813
2817
2822
2824
2825
2828
2829
2830
2831
2836
2837
2838
2839
2842
2843
2845
2847
2848
2852
2854
2855
2856
2857
2858
2860
2861
2862
2864
2867
2869
2872
2874
2875
2878
2879
2880
2881
2882
2883
2885
2887
2891
2892
2893
2896
2897
2899
2901
2902
2905
2906
2908
2913
2914
2916
2917
2918
2919
2920
2923
2925
2926
2928
2929
2930
2932
2933
2934
2935
2937
2938
2941
2943
2944
2949
2954
2956
2957
2958
2959
2962
2963
2966
2967
2970
2973
2975
2976
2979
2983
2984
2985
2986
2988
2989
2991
2993
2994
2995
2996
2997
3002
3005
3007
3008
3010
3011
3012
3016
3019
3020
3024
3025
3026
3027
3029
3036
3040
3041
3042
3048
3049
3054
3056
3061
3064
3067
3068
3070
3071
3072
3073
3075
3076
3079
3091
3092
3093
3094
3095
3099
3100
3104
3105
3106
3109
3112
3114
3117
3118
3121
3124
3125
3129
3131
3132
3135
3136
3138
3140
3142
3143
3144
3146
3147
3148
3150
3151
3152
3153
3155
3158
3159
3160
3161
3162
3163
3164
3166
3168
3174
3175
3177
3178
3180
3186
3187
3188
3189
3190
3191
3192
3195
3196
3198
3200
3201
3202
3204
3205
3207
3208
3210
3214
3216
3217
3219
3221
3222
3227
3228
3229
3231
3236
3251
3252
3254
3255
3256
3259
3261
3266
3268
3271
3272
3275
3276
3277
3278
3283
3284
3287
3288
3289
3291
3292
3295
3297
3298
3300
3301
3302
3303
3304
3306
3308
3309
3313
3316
3317
3318
3319
3320
3321
3323
3327
3328
3329
3330
3331
3336
3339
3344
3347
3349
3352
3355
3356
3357
3358
3359
3360
3363
3366
3367
3368
3369
3372
3373
3375
3376
3377
3379
3380
3381
3383
3385
3386
3389
3392
3393
3394
3397
3398
3401
3402
3403
3404
3407
3410
3411
3412
3413
3415
3418
3419
3420
3426
3427
3429
3432
3434
3436
3437
3440
3447
3448
3449
3453
3454
3457
3458
3463
3465
3466
3467
3470
3471
3474
3475
3481
3482
3483
3484
3485
3486
3493
3495
3497
3498
3499
3505
3508
3509
3511
3514
3518
3519
3523
3526
3527
3528
3531
3532
3533
3535
3537
3539
3540
3541
3542
3545
3546
3548
3550
3551
3552
3553
3559
3563
3564
3568
3571
3572
3575
3582
3583
3584
3585
3595
3596
3599
3601
3603
3604
3606
3607
3615
3616
3617
3619
3620
3621
3623
3628
3632
3635
3637
3639
3644
3646
3647
3651
3652
3654
3655
3660
3662
3664
3666
3670
3673
3675
3676
3678
3679
3680
3681
3684
3685
3688
3689
3690
3693
3694
3695
3697
3698
3699
3700
3704
3707
3709
3710
3711
3715
3717
3718
3719
3720
3724
3725
3726
3727
3728
3730
3735
3743
3745
3747
3749
3752
3757
3762
3763
3764
3766
3769
3770
3772
3773
3774
3775
3781
3782
3783
3786
3787
3789
3791
3792
3794
3795
3796
3797
3798
3799
3803
3805
3808
3809
3810
3814
3825
3826
3827
3828
3829
3830
3831
3832
3834
3835
3837
3839
3840
3841
3846
3847
3848
3849
3850
3854
3855
3857
3858
3860
3863
3867
3869
3870
3872
3873
3874
3876
3877
3878
3879
3880
3882
3884
3885
3887
3888
3896
3897
3899
3905
3906
3907
3908
3910
3912
3913
3914
3915
3916
3917
3918
3919
3920
3925
3926
3927
3929
3931
3933
3936
3940
3942
3944
3946
3947
3948
3954
3955
3956
3958
3959
3960
3961
3963
3965
3971
3972
3977
3978
3979
3980
3981
3982
3985
3986
3991
3994
3996
3997
3999
4004
4005
4008
4009
4012
4013
4014
4015
4016
4017
4018
4022
4023
4025
4026
4030
4031
4033
4034
4035
4036
4038
4039
4040
4041
4043
4045
4049
4051
4053
4055
4056
4058
4059
4060
4061
4062
4066
4068
4070
4072
4075
4076
4077
4079
4081
4086
4087
4090
4092
4098
4099
4102
4104
4105
4109
4110
4111
4112
4114
4115
4117
4119
4123
4124
4125
4128
4132
4133
4136
4139
4145
4146
4147
4149
4150
4151
4152
4155
4159
4164
4165
4166
4167
4168
4169
4170
4171
4172
4173
4176
4177
4178
4179
4183
4184
4186
4189
4191
4193
4194
4195
4196
4199
4200
4202
4204
4206
4208
4209
4211
4221
4222
4223
4224
4225
4227
4229
4230
4231
4232
4237
4238
4245
4246
4249
4251
4252
4257
4259
4261
4263
4267
4268
4272
4274
4275
4276
4278
4279
4281
4282
4284
4286
4288
4289
4290
4291
4293
4295
4297
4299
4303
4305
4306
4307
4308
4310
4312
4313
4316
4318
4319
4320
4321
4322
4323
4324
4326
4328
4329
4330
4331
4338
4339
4340
4341
4343
4344
4345
4346
4347
4348
4349
4354
4356
4357
4359
4361
4362
4364
4365
4366
4367
4368
4370
4373
4377
4378
4379
4380
4383
4385
4389
4392
4393
4394
4396
4399
4400
4402
4403
4411
4412
4413
4414
4417
4418
4421
4423
4424
4425
4426
4427
4431
4432
4433
4434
4436
4437
4440
4441
4442
4443
4444
4445
4447
4448
4449
4451
4452
4455
4462
4464
4465
4467
4472
4473
4474
4475
4477
4478
4480
4484
4486
4487
4489
4490
4493
4494
4496
4498
4504
4505
4507
4508
4510
4513
4514
4515
4517
4518
4520
4521
4522
4523
4525
4526
4527
4530
4532
4533
4539
4540
4541
4542
4544
4545
4546
4549
4550
4551
4552
4553
4554
4557
4560
4561
4562
4563
4564
4565
4571
4573
4575
4579
4580
4582
4587
4589
4593
4594
4596
4598
4599
4601
4602
4605
4606
4607
4608
4610
4612
4613
4617
4618
4620
4621
4623
4628
4629
4630
4631
4632
4634
4635
4636
4638
4639
4640
4641
4645
4646
4647
4651
4657
4661
4665
4666
4668
4669
4670
4672
4674
4675
4677
4680
4681
4682
4685
4690
4693
4694
4695
4696
4697
4702
4703
4704
4707
4708
4709
4711
4713
4717
4719
4720
4721
4722
4725
4727
4731
4732
4738
4739
4740
4742
4745
4746
4747
4750
4755
4756
4757
4760
4761
4765
4768
4770
4771
4772
4773
4774
4775
4776
4777
4778
4781
4782
4784
4792
4793
4795
4797
4798
4799
4800
4801
4802
4803
4804
4805
4806
4807
4808
4809
4810
4811
4812
4813
4814
4815
4816
4817
4818
4819
4843
4844
4848
4850
