388 Symmetry100
' '
97
98
99
100
101
102
103
104
109
125
143
552
553
554
555
556
557
558
559
560
561
562
563
611
614
670
677
699
737
753
765
785
833
834
855
885
910
921
975
1050
1056
1066
1093
1115
1131
1134
1214
1245
1256
1276
1285
1300
1311
1321
1334
1336
1354
1362
1407
1445
1469
1487
1564
1581
1589
1591
1595
1600
1638
1640
1767
1768
1771
1896
1919
1937
1952
1976
2012
2013
2081
2113
2120
2132
2137
2146
2152
2234
2250
2306
2309
2339
2391
2441
2462
2467
2479
2486
2494
2517
2520
2542
2590
2593
2625
2646
2679
2716
2782
2791
2794
2796
2819
2827
2944
2947
2950
2991
3005
3074
3124
3136
3140
3143
3156
3245
3278
3283
3295
3310
3325
3357
3409
3427
3469
3474
3514
3522
3569
3598
3643
3670
3683
3687
3704
3716
3843
3876
3892
3947
3956
3974
3980
3982
3988
3989
3990
3999
4016
4041
4080
4101
4106
4132
4172
4191
4283
4291
4306
4325
4344
4388
4406
4415
4417
4483
4496
4499
4517
4533
4542
4602
4609
4733
4748
4757
4760
4762
4773
4783
4844
4845
4847
4850
89
90
91
92
93
94
95
96
110
128
142
564
565
566
567
568
569
570
571
572
573
574
575
593
594
624
631
672
673
734
757
829
838
839
842
927
941
955
958
977
1018
1037
1047
1049
1098
1121
1174
1215
1239
1250
1292
1303
1307
1310
1375
1411
1421
1497
1506
1527
1551
1576
1610
1620
1635
1670
1730
1734
1927
1941
2030
2050
2055
2059
2086
2092
2104
2116
2130
2140
2161
2183
2204
2216
2246
2263
2269
2270
2307
2318
2336
2341
2370
2429
2439
2454
2474
2482
2488
2492
2493
2504
2547
2569
2620
2678
2694
2695
2731
2747
2764
2805
2811
2825
2906
2910
2932
2984
3084
3097
3121
3191
3214
3223
3226
3256
3274
3289
3303
3327
3369
3421
3423
3439
3470
3473
3532
3570
3656
3705
3767
3777
3862
3900
3907
3930
3954
3964
3978
4009
4029
4054
4061
4122
4141
4186
4196
4202
4238
4241
4243
4246
4253
4326
4339
4408
4413
4441
4456
4493
4494
4509
4537
4574
4598
4610
4613
4656
4658
4667
4708
4723
4729
4734
4744
4761
4763
4768
4770
4791
4843
4846
4848
4849
