2425 Symmetry001
' '
576
577
578
579
580
581
582
583
584
585
586
587
588
589
590
591
592
593
594
595
596
597
598
599
600
601
602
603
604
605
606
607
608
609
610
611
612
613
614
615
616
617
618
619
620
621
622
623
624
625
626
627
628
629
630
631
632
633
634
635
636
637
638
639
640
641
642
643
644
645
646
647
648
649
650
651
652
653
654
655
656
657
658
659
660
661
662
663
664
665
666
667
668
669
670
671
672
673
674
675
676
677
678
679
680
681
682
683
684
685
686
687
688
689
690
691
692
693
694
695
696
697
698
699
700
701
702
703
704
705
706
707
708
709
710
711
712
713
714
715
716
717
718
719
720
721
722
723
724
725
726
727
728
729
730
731
732
733
734
735
736
737
738
739
740
741
742
743
744
745
746
747
748
749
750
751
752
753
754
755
756
757
758
759
760
761
762
763
764
765
766
767
768
769
770
771
772
773
774
775
776
777
778
779
780
781
782
783
784
785
786
787
788
789
790
791
792
793
794
795
796
797
798
799
800
801
802
803
804
805
806
807
808
809
810
811
812
813
814
815
816
817
818
819
820
821
822
823
824
825
826
827
828
829
830
831
832
833
834
835
836
837
838
839
840
841
842
843
844
845
846
847
848
849
850
851
852
853
854
855
856
857
858
859
860
861
862
863
864
865
866
867
868
869
870
871
872
873
874
875
876
877
878
879
880
881
882
883
884
885
886
887
888
889
890
891
892
893
894
895
896
897
898
899
900
901
902
903
904
905
906
907
908
909
910
911
912
913
914
915
916
917
918
919
920
921
922
923
924
925
926
927
928
929
930
931
932
933
934
935
936
937
938
939
940
941
942
943
944
945
946
947
948
949
950
951
952
953
954
955
956
957
958
959
960
961
962
963
964
965
966
967
968
969
970
971
972
973
974
975
976
977
978
979
980
981
982
983
984
985
986
987
988
989
990
991
992
993
994
995
996
997
998
999
1000
1001
1002
1003
1004
1005
1006
1007
1008
1009
1010
1011
1012
1013
1014
1015
1016
1017
1018
1019
1020
1021
1022
1023
1024
1025
1026
1027
1028
1029
1030
1031
1032
1033
1034
1035
1036
1037
1038
1039
1040
1041
1042
1043
1044
1045
1046
1047
1048
1049
1050
1051
1052
1053
1054
1055
1056
1057
1058
1059
1060
1061
1062
1063
1064
1065
1066
1067
1068
1069
1070
1071
1072
1073
1074
1075
1076
1077
1078
1079
1080
1081
1082
1083
1084
1085
1086
1087
1088
1089
1090
1091
1092
1093
1094
1095
1096
1097
1098
1099
1100
1101
1102
1103
1104
1105
1106
1107
1108
1109
1110
1111
1112
1113
1114
1115
1116
1117
1118
1119
1120
1121
1122
1123
1124
1125
1126
1127
1128
1129
1130
1131
1132
1133
1134
1135
1136
1137
1138
1139
1140
1141
1142
1143
1144
1145
1146
1147
1148
1149
1150
1151
1152
1154
1155
1156
1158
1162
1163
1164
1165
1166
1168
1169
1172
1173
1176
1178
1183
1185
1187
1188
1190
1194
1195
1196
1197
1202
1203
1204
1206
1207
1208
1209
1211
1212
1213
1214
1215
1217
1218
1219
1221
1224
1225
1227
1229
1233
1235
1236
1237
1238
1239
1240
1243
1245
1246
1248
1249
1251
1253
1255
1256
1257
1259
1262
1266
1268
1270
1271
1272
1273
1274
1276
1277
1278
1280
1283
1285
1287
1288
1289
1292
1293
1294
1295
1299
1302
1304
1306
1307
1308
1315
1316
1318
1319
1320
1322
1323
1326
1328
1332
1334
1336
1338
1340
1341
1344
1346
1347
1351
1353
1355
1358
1359
1361
1362
1367
1376
1378
1380
1381
1382
1384
1385
1386
1387
1388
1389
1390
1391
1392
1397
1398
1399
1400
1401
1402
1404
1405
1409
1411
1412
1413
1414
1416
1419
1420
1421
1422
1423
1424
1427
1429
1431
1435
1438
1443
1446
1448
1450
1454
1455
1458
1459
1460
1461
1463
1464
1465
1468
1469
1470
1471
1486
1487
1488
1491
1492
1496
1497
1498
1500
1501
1503
1505
1506
1508
1512
1516
1517
1520
1521
1522
1523
1527
1528
1530
1531
1535
1536
1539
1540
1544
1547
1548
1549
1550
1553
1555
1557
1558
1559
1560
1561
1562
1565
1572
1573
1574
1578
1582
1585
1586
1589
1591
1592
1598
1599
1603
1605
1606
1607
1611
1613
1614
1615
1623
1625
1628
1629
1631
1634
1637
1639
1640
1642
1643
1646
1647
1648
1649
1650
1654
1656
1658
1660
1661
1663
1666
1669
1673
1675
1676
1677
1679
1680
1683
1685
1687
1688
1690
1692
1693
1696
1701
1703
1705
1706
1707
1709
1710
1711
1712
1713
1715
1719
1720
1721
1724
1725
1727
1732
1733
1734
1736
1741
1742
1743
1748
1749
1750
1754
1755
1759
1761
1763
1764
1765
1768
1769
1771
1772
1773
1774
1777
1785
1786
1792
1793
1795
1796
1797
1799
1803
1806
1809
1810
1813
1814
1819
1822
1823
1825
1826
1828
1835
1837
1838
1840
1843
1844
1846
1847
1848
1849
1850
1851
1852
1854
1858
1859
1861
1864
1865
1867
1868
1869
1870
1871
1872
1875
1877
1878
1881
1882
1884
1885
1887
1888
1889
1890
1892
1893
1897
1898
1899
1900
1901
1902
1903
1904
1906
1910
1911
1914
1915
1917
1922
1925
1926
1927
1928
1929
1930
1932
1935
1937
1940
1947
1950
1955
1956
1960
1961
1962
1964
1967
1969
1970
1972
1974
1975
1978
1980
1987
1990
1991
1994
1998
2004
2005
2006
2007
2010
2012
2015
2017
2020
2021
2022
2024
2025
2026
2032
2034
2036
2040
2041
2042
2046
2047
2048
2049
2050
2051
2052
2053
2055
2057
2059
2060
2063
2064
2065
2066
2068
2070
2073
2074
2075
2076
2077
2079
2080
2081
2082
2084
2087
2088
2091
2093
2094
2096
2097
2098
2099
2104
2106
2112
2123
2127
2133
2134
2135
2136
2137
2138
2139
2140
2141
2147
2151
2152
2153
2160
2163
2164
2166
2167
2168
2169
2171
2173
2174
2175
2176
2177
2178
2179
2182
2183
2186
2189
2191
2192
2193
2194
2195
2197
2203
2205
2206
2207
2208
2211
2215
2217
2219
2220
2221
2224
2226
2228
2229
2231
2232
2233
2234
2240
2241
2246
2247
2253
2254
2257
2259
2260
2261
2262
2263
2264
2265
2266
2268
2269
2270
2272
2273
2275
2276
2277
2279
2281
2284
2285
2286
2287
2288
2291
2292
2293
2296
2298
2299
2300
2305
2306
2308
2310
2311
2313
2317
2319
2320
2324
2326
2328
2332
2333
2334
2335
2336
2338
2339
2341
2343
2344
2345
2347
2348
2350
2353
2355
2357
2359
2361
2364
2366
2373
2374
2376
2377
2380
2381
2382
2384
2385
2387
2393
2394
2395
2396
2398
2400
2401
2403
2405
2407
2409
2414
2415
2417
2418
2420
2421
2427
2428
2429
2430
2433
2435
2436
2438
2440
2441
2447
2450
2452
2453
2455
2456
2458
2462
2464
2467
2468
2473
2475
2476
2477
2478
2479
2480
2481
2482
2487
2489
2491
2492
2499
2500
2501
2502
2509
2510
2512
2513
2517
2518
2520
2521
2525
2526
2527
2528
2531
2532
2537
2540
2541
2543
2545
2547
2548
2551
2554
2555
2558
2561
2562
2564
2567
2570
2572
2573
2574
2576
2577
2578
2580
2584
2586
2596
2597
2598
2600
2601
2603
2604
2605
2608
2609
2614
2615
2617
2618
2620
2624
2627
2629
2631
2633
2634
2635
2637
2638
2640
2644
2645
2646
2647
2648
2650
2657
2659
2660
2662
2663
2665
2669
2673
2674
2677
2678
2680
2681
2683
2684
2685
2686
2687
2690
2691
2692
2693
2694
2695
2698
2699
2703
2704
2707
2709
2710
2716
2718
2719
2720
2721
2722
2723
2728
2729
2730
2732
2734
2735
2736
2737
2740
2741
2742
2743
2744
2745
2747
2748
2750
2752
2754
2755
2756
2757
2759
2762
2767
2769
2771
2772
2773
2774
2775
2776
2782
2784
2785
2786
2787
2790
2792
2795
2796
2797
2799
2800
2802
2803
2806
2807
2809
2814
2815
2816
2818
2819
2820
2821
2823
2826
2827
2832
2833
2834
2835
2840
2841
2844
2846
2849
2850
2851
2853
2859
2863
2865
2866
2868
2870
2871
2873
2876
2877
2884
2886
2888
2889
2890
2894
2895
2898
2900
2903
2904
2907
2909
2910
2911
2912
2915
2921
2922
2924
2927
2931
2936
2939
2940
2942
2945
2946
2947
2948
2950
2951
2952
2953
2955
2960
2961
2964
2965
2968
2969
2971
2972
2974
2977
2978
2980
2981
2982
2987
2990
2992
2998
2999
3000
3001
3003
3004
3006
3009
3013
3014
3015
3017
3018
3021
3022
3023
3028
3030
3031
3032
3033
3034
3035
3037
3038
3039
3043
3044
3045
3046
3047
3050
3051
3052
3053
3055
3057
3058
3059
3060
3062
3063
3065
3066
3069
3074
3077
3078
3080
3081
3082
3083
3084
3085
3086
3087
3088
3089
3090
3096
3097
3098
3101
3102
3103
3107
3108
3110
3111
3113
3115
3116
3119
3120
3122
3123
3126
3127
3128
3130
3133
3134
3137
3139
3141
3145
3149
3154
3156
3157
3165
3167
3169
3170
3171
3172
3173
3176
3179
3181
3182
3183
3184
3185
3193
3194
3197
3199
3203
3206
3209
3211
3212
3213
3215
3218
3220
3223
3224
3225
3226
3230
3232
3233
3234
3235
3237
3238
3239
3240
3241
3242
3243
3244
3245
3246
3247
3248
3249
3250
3253
3257
3258
3260
3262
3263
3264
3265
3267
3269
3270
3273
3274
3279
3280
3281
3282
3285
3286
3290
3293
3294
3296
3299
3305
3307
3310
3311
3312
3314
3315
3322
3324
3325
3326
3332
3333
3334
3335
3337
3338
3340
3341
3342
3343
3345
3346
3348
3350
3351
3353
3354
3361
3362
3364
3365
3370
3371
3374
3378
3382
3384
3387
3388
3390
3391
3395
3396
3399
3400
3405
3406
3408
3409
3414
3416
3417
3421
3422
3423
3424
3425
3428
3430
3431
3433
3435
3438
3439
3441
3442
3443
3444
3445
3446
3450
3451
3452
3455
3456
3459
3460
3461
3462
3464
3468
3469
3472
3473
3476
3477
3478
3479
3480
3487
3488
3489
3490
3491
3492
3494
3496
3500
3501
3502
3503
3504
3506
3507
3510
3512
3513
3515
3516
3517
3520
3521
3522
3524
3525
3529
3530
3534
3536
3538
3543
3544
3547
3549
3554
3555
3556
3557
3558
3560
3561
3562
3565
3566
3567
3569
3570
3573
3574
3576
3577
3578
3579
3580
3581
3586
3587
3588
3589
3590
3591
3592
3593
3594
3597
3598
3600
3602
3605
3608
3609
3610
3611
3612
3613
3614
3618
3622
3624
3625
3626
3627
3629
3630
3631
3633
3634
3636
3638
3640
3641
3642
3643
3645
3648
3649
3650
3653
3656
3657
3658
3659
3661
3663
3665
3667
3668
3669
3671
3672
3674
3677
3682
3683
3686
3687
3691
3692
3696
3701
3702
3703
3705
3706
3708
3712
3713
3714
3716
3721
3722
3723
3729
3731
3732
3733
3734
3736
3737
3738
3739
3740
3741
3742
3744
3746
3748
3750
3751
3753
3754
3755
3756
3758
3759
3760
3761
3765
3767
3768
3771
3776
3777
3778
3779
3780
3784
3785
3788
3790
3793
3800
3801
3802
3804
3806
3807
3811
3812
3813
3815
3816
3817
3818
3819
3820
3821
3822
3823
3824
3833
3836
3838
3842
3843
3844
3845
3851
3852
3853
3856
3859
3861
3862
3864
3865
3866
3868
3871
3875
3881
3883
3886
3889
3890
3891
3892
3893
3894
3895
3898
3900
3901
3902
3903
3904
3909
3911
3921
3922
3923
3924
3928
3930
3932
3934
3935
3937
3938
3939
3941
3943
3945
3949
3950
3951
3952
3953
3957
3962
3964
3966
3967
3968
3969
3970
3973
3974
3975
3976
3983
3984
3987
3988
3989
3990
3992
3993
3995
3998
4000
4001
4002
4003
4006
4007
4010
4011
4019
4020
4021
4024
4027
4028
4029
4032
4037
4042
4044
4046
4047
4048
4050
4052
4054
4057
4063
4064
4065
4067
4069
4071
4073
4074
4078
4080
4082
4083
4084
4085
4088
4089
4091
4093
4094
4095
4096
4097
4100
4101
4103
4106
4107
4108
4113
4116
4118
4120
4121
4122
4126
4127
4129
4130
4131
4134
4135
4137
4138
4140
4141
4142
4143
4144
4148
4153
4154
4156
4157
4158
4160
4161
4162
4163
4174
4175
4180
4181
4182
4185
4187
4188
4190
4192
4197
4198
4201
4203
4205
4207
4210
4212
4213
4214
4215
4216
4217
4218
4219
4220
4226
4228
4233
4234
4235
4236
4239
4240
4241
4242
4243
4244
4247
4248
4250
4253
4254
4255
4256
4258
4260
4262
4264
4265
4266
4269
4270
4271
4273
4277
4280
4283
4285
4287
4292
4294
4296
4298
4300
4301
4302
4304
4309
4311
4314
4315
4317
4325
4327
4332
4333
4334
4335
4336
4337
4342
4350
4351
4352
4353
4355
4358
4360
4363
4369
4371
4372
4374
4375
4376
4381
4382
4384
4386
4387
4388
4390
4391
4395
4397
4398
4401
4404
4405
4406
4407
4408
4409
4410
4415
4416
4419
4420
4422
4428
4429
4430
4435
4438
4439
4446
4450
4453
4454
4456
4457
4458
4459
4460
4461
4463
4466
4468
4469
4470
4471
4476
4479
4481
4482
4483
4485
4488
4491
4492
4495
4497
4499
4500
4501
4502
4503
4506
4509
4511
4512
4516
4519
4524
4528
4529
4531
4534
4535
4536
4537
4538
4543
4547
4548
4555
4556
4558
4559
4566
4567
4568
4569
4570
4572
4574
4576
4577
4578
4581
4583
4584
4585
4586
4588
4590
4591
4592
4595
4597
4600
4603
4604
4609
4611
4614
4615
4616
4619
4622
4624
4625
4626
4627
4633
4637
4642
4643
4644
4648
4649
4650
4652
4653
4654
4655
4656
4658
4659
4660
4662
4663
4664
4667
4671
4673
4676
4678
4679
4683
4684
4686
4687
4688
4689
4691
4692
4698
4699
4700
4701
4705
4706
4710
4712
4714
4715
4716
4718
4723
4724
4726
4728
4729
4730
4733
4734
4735
4736
4737
4741
4743
4744
4748
4749
4751
4752
4753
4754
4758
4759
4762
4763
4764
4766
4767
4769
4779
4780
4783
4785
4786
4787
4788
4789
4790
4791
4794
4796
4820
4821
4822
4823
4824
4825
4826
4827
4828
4829
4830
4831
4832
4833
4834
4835
4836
4837
4838
4839
4840
4841
4842
4845
4846
4847
4849
