100 Wall
' '
4739
4740
4741
4742
4743
4744
4745
4746
4747
4749
4750
4751
4752
4753
4754
4755
4756
4758
4759
4760
4762
4764
4765
4766
4767
4768
4769
4771
4772
4774
4775
4776
4777
4778
4779
4780
4781
4782
4784
4785
4786
4787
4788
4789
4790
4792
4793
4794
4795
4796
4797
4798
4799
4800
4801
4802
4803
4804
4805
4806
4807
4808
4809
4810
4811
4812
4813
4814
4815
4816
4817
4818
4819
4820
4821
4822
4823
4824
4825
4826
4827
4828
4829
4830
4831
4832
4833
4834
4835
4836
4837
4838
4839
4840
4841
4842
4843
4844
4845
4846
