144 Inner
'7 0.0 0.0 0.0 0.2 1.0 1.0 0.0'
344
381
385
386
388
584
621
625
626
628
824
861
865
866
868
1064
1101
1105
1106
1108
382
622
862
1102
342
582
822
1062
341
581
821
1061
390
630
870
1110
392
632
872
1112
389
629
869
1109
352
592
832
1072
350
590
830
1070
349
589
829
1069
394
634
874
1114
396
636
876
1116
393
633
873
1113
360
600
840
1080
357
358
366
368
397
398
400
597
598
606
608
637
638
640
837
838
846
848
877
878
880
1077
1078
1086
1088
1117
1118
1120
365
605
845
1085
402
642
882
1122
404
644
884
1124
401
641
881
1121
376
616
856
1096
374
614
854
1094
373
613
853
1093
406
646
886
1126
408
648
888
1128
405
645
885
1125
384
624
864
1104

