216 Inflow1
'7 0.0 0.0 0.0 0.26 1.0 1.0 0.0'
205
445
685
925
1165
1232
56
302
542
782
1022
1214
201
441
681
921
1161
1231
55
301
541
781
1021
1213
197
437
677
917
1157
1230
54
300
540
780
1020
1212
53
299
539
779
1019
1211
189
429
669
909
1149
1228
193
433
673
913
1153
1229
52
298
538
778
1018
1210
185
425
665
905
1145
1227
51
297
537
777
1017
1209
181
421
661
901
1141
1226
50
296
536
776
1016
1208
177
417
657
897
1137
1225
49
295
535
775
1015
1207
246
486
726
966
1206
1242
66
312
552
792
1032
1224
241
481
721
961
1201
1241
65
311
551
791
1031
1223
237
477
717
957
1197
1240
64
310
550
790
1030
1222
233
473
713
953
1193
1239
62
63
229
308
309
469
548
549
709
788
789
949
1028
1029
1189
1220
1221
1238
225
465
705
945
1185
1237
61
307
547
787
1027
1219
221
461
701
941
1181
1236
60
306
546
786
1026
1218
217
457
697
937
1177
1235
59
305
545
785
1025
1217
58
209
213
304
449
453
544
689
693
784
929
933
1024
1169
1173
1216
1233
1234
57
303
543
783
1023
1215

