144 Inflow2
'4 0.0 0.0 1.0 0.0'
53
54
189
190
192
193
39
57
160
206
40
58
127
128
207
208
209
210
130
211
212
213
155
41
59
158
214
215
217
60
156
216
218
42
119
219
220
221
43
61
222
44
45
62
63
64
111
112
120
122
151
152
154
223
224
225
226
227
228
229
230
231
232
233
46
114
234
236
237
47
65
147
235
238
150
239
240
241
48
66
148
242
103
244
245
246
31
49
104
243
106
175
176
177
32
50
143
178
146
179
180
181
51
144
182
33
95
183
184
185
34
35
36
52
55
96
98
135
136
139
140
142
186
187
188
191
194
195
196
197
37
138
198
200
201
38
56
159
199
202
162
203
204
205

