1067 Wall
' '
9
34
35
36
37
38
39
40
41
42
43
44
45
46
47
48
54
57
59
60
61
63
71
74
76
78
82
83
87
90
97
98
100
103
104
107
111
118
119
122
123
126
128
130
137
138
143
146
148
149
151
157
159
162
163
167
175
176
177
181
184
186
188
191
194
197
200
203
205
209
211
218
220
228
232
233
234
235
236
239
242
245
248
250
256
262
264
267
268
271
274
275
276
277
278
279
280
281
282
283
284
289
291
295
297
298
299
309
311
312
314
318
324
325
329
331
333
336
338
339
340
346
348
351
355
358
363
365
370
372
374
375
383
386
387
393
394
395
399
401
404
411
416
418
420
421
424
425
428
433
434
435
436
437
438
439
440
441
442
443
444
445
446
453
458
460
464
467
468
473
475
477
478
489
490
491
492
495
496
499
504
512
513
516
519
521
527
530
532
537
540
543
544
546
547
549
551
553
556
562
564
574
577
578
580
582
583
585
590
597
601
602
605
606
607
614
616
621
627
628
632
634
637
639
641
645
647
648
649
660
662
666
667
674
679
683
685
686
687
692
694
695
696
706
708
712
716
718
719
721
723
729
731
735
739
741
744
754
755
759
762
764
765
766
767
770
771
772
773
774
775
776
777
836
840
841
844
848
849
852
857
858
861
863
865
868
871
875
876
878
895
896
899
903
906
907
909
927
928
931
935
938
942
943
944
947
951
953
962
965
973
974
977
981
984
985
987
1000
1002
1011
1012
1015
1020
1023
1030
1033
1041
1044
1074
1075
1078
1082
1085
1086
1088
1097
1098
1101
1104
1106
1110
1113
1131
1132
1135
1139
1142
1143
1145
1162
1165
1176
1179
1198
1199
1202
1205
1208
1211
1213
1220
1223
1232
1235
1292
1295
1298
1299
1301
1306
1307
1310
1313
1314
1317
1321
1324
1327
1330
1334
1337
1365
1366
1367
1368
1371
1372
1375
1379
1381
1384
1387
1389
1393
1396
1400
1401
1403
1409
1412
1414
1420
1421
1424
1428
1431
1432
1434
1446
1449
1450
1452
1464
1465
1467
1469
1470
1472
1474
1475
1477
1481
1483
1489
1490
1500
1503
1509
1512
1519
1522
1523
1524
1526
1528
1575
1576
1577
1581
1582
1584
1587
1589
1591
1592
1594
1596
1597
1602
1603
1605
1606
1608
1609
1611
1652
1653
1654
1657
1658
1669
1670
1671
1674
1675
1676
1679
1680
1682
1683
1684
1685
1687
1689
1694
1708
1709
1711
1713
1714
1732
1733
1735
1736
1739
1743
1745
1754
1756
1758
1759
1760
1763
1764
1772
1786
1787
1789
1791
1792
1804
1805
1807
1808
1814
1817
1824
1826
1833
1836
1853
1855
1857
1858
1860
1879
1880
1882
1887
1888
1896
1897
1900
1904
1907
1908
1910
1917
1920
1921
1923
1924
1925
1927
1932
1979
1980
1982
1984
1986
1987
1989
1992
1994
2005
2006
2007
2016
2017
2019
2021
2022
2023
2025
2026
2048
2049
2050
2053
2054
2075
2076
2078
2080
2081
2083
2085
2086
2088
2091
2093
2099
2101
2102
2109
2110
2111
2114
2118
2120
2127
2129
2157
2158
2160
2168
2169
2171
2180
2182
2183
2185
2187
2189
2192
2206
2207
2209
2211
2212
2219
2221
2224
2226
2227
2229
2232
2234
2263
2264
2265
2271
2273
2274
2275
2276
2279
2283
2284
2286
2295
2298
2303
2306
2308
2309
2312
2316
2317
2319
2327
2389
2390
2391
2394
2395
2398
2399
2401
2403
2405
2406
2407
2409
2410
2411
2413
2414
2417
2421
2422
2424
2433
2436
2441
2443
2465
2466
2468
2472
2475
2478
2480
2509
2510
2512
2519
2520
2523
2526
2529
2534
2536
2539
2540
2544
2546
2548
2549
2552
2553
2556
2560
2562
2571
2574
2575
2578
2582
2583
2585
2593
2610
2612
2613
2629
2630
2632
2647
2648
2650
2652
2664
2666
2675
2676
2682
2683
2685
2687
2689
2692
2693
2696
2699
2702
2708
2710
2716
2718
2722
2725
2727
2730
2755
2756
2758
2772
2773
2775
2785
2787
2812
2813
2814
2817
2818
2820
2821
2823
2824
2825
2827
2828
2831
2835
2836
2838
2847
2850
2880
2881
2882
2885
2886
2889
2892
2895
2896
2897
2900
2904
2905
2907
2916
2919
2923
2925
2932
2934
2957
2958
2960
2961
2964
2968
2969
2972
2980
2983
2984
2986
3005
3006
3008
3024
3026
3027
3028
3033
3034
3056
3057
3059
3067
3068
3070
3072
3076
3077
3082
3085
3090
3092
3100
3101
3103
3106
3111
3117
3120
3127
3129
3143
3149
3151
3167
3175
3177
3182
3192
3201
3207
3209
3221
3231
3238
3246
3256
3287
3293
3295
3304
3308
3314
3329
3335
3337
3354
3367
3387
3392
3397
3406
3418
3478
3480
3488
3492
3498
3504
3512
3549
3550
3553
3557
3562
3566
3571
3580
3582
3591
3595
3607
3613
3615
3628
3630
3644
3647
3651
3653
3659
3668
3681
3690
3701
3704
3705
3709
3713
3754
3759
3764
3767
3772
3774
3781
3784
3787
3790
3825
3829
3841
3845
3849
3852
3854
3856
3859
3867
3879
3882
3899
3902
3907
3916
3919
3923
3925
3936
3952
3955
3966
3969
3977
3985
3994
4013
4018
4021
4037
4043
4051
4057
4059
4068
4071
4073
4076
4082
4130
4134
4136
4140
4151
4163
4168
4170
4173
4175
4193
4197
4218
4221
4225
4227
4232
4239
4241
4252
4254
4259
4267
4293
4302
4305
4317
4320
4323
4328
4341
4344
4351
4356
4358
4362
4389
4401
4403
4405
4411
4413
4423
4430
4433
4438
4440
4448
4510
4514
4520
4524
4526
4529
4531
4534
4539
4541
4551
4557
4579
4584
4590
4594
4621
4629
4634
4640
4644
4650
4656
4658
4664
4669
4679
4684
4686
4694
4712
4714
4734
4748
4752
4764
4773
4782
4786
4790
4794
4799
4805
4812
4818
4822
4851
4854
4866
4877
4903
4907
4910
4913
4915
4918
4923
4925
4935
4965
4969
4974
4980
4982
4987
4989
4999
5004
5012
5036
5039
5043
5050
5059
5061
5078
5096
5098
5107
5110
5129
5138
5144
5146
5153
5159
5170
5174
