107 Inflow21
'  '
279
280
281
282
284
780
784
792
793
794
795
797
1899
1900
1901
1902
1905
1906
1907
1910
1914
1915
1918
1919
1920
1926
1932
1933
1934
1937
1943
4054
4058
4062
4065
4069
4084
4086
4098
4099
275
277
778
779
782
783
785
786
788
789
790
791
796
1865
1871
1872
1873
1876
1878
1885
1886
1889
1892
1893
1894
1911
1912
1925
1927
1928
1930
1931
1936
1938
1940
1941
1942
4031
4042
4049
4075
4078
4081
4089
4091
4094
4096
276
278
283
781
787
1866
1867
1868
1877
1881
1882
1883
1888
1922
1923
4027
4035
4039
4045
4072
