107 Outflow
' '
435
436
437
438
439
440
441
442
443
444
798
799
800
801
802
803
804
805
806
807
808
809
810
811
812
813
814
815
816
817
2197
2198
2199
2200
2203
2204
2205
2208
2209
2210
2212
2213
2216
2217
2218
2221
2222
2223
2225
2226
2229
2230
2231
2234
2235
2236
2239
2240
2241
2246
2247
2248
2249
2252
2253
2254
2256
2257
2258
2259
2260
2261
2262
2265
2266
2267
2268
2269
2270
2272
2273
2274
2275
4335
4339
4343
4346
4350
4354
4357
4361
4365
4369
4374
4378
4382
4385
4388
4392
4395
4397
4398
4399
4402
4404
4406
4407
