304 Symmetry100
' '
673
674
675
676
677
678
679
680
681
682
683
684
685
686
687
688
689
690
691
692
693
694
695
696
697
698
699
700
701
702
703
704
705
706
707
708
709
710
711
712
713
714
715
716
717
718
719
720
721
722
723
724
725
726
727
728
746
747
760
770
799
837
841
848
851
852
876
905
912
960
984
986
1005
1010
1015
1037
1065
1090
1106
1109
1112
1132
1133
1138
1149
1152
1163
1170
1175
1185
1197
1249
1266
1267
1277
1282
1289
1293
1296
1297
1314
1320
1331
1340
1341
1348
1369
1415
1420
1423
1455
1458
1469
1486
1521
1540
1571
1581
1585
1587
1589
1596
1605
1608
1610
1645
1652
1666
1687
1688
1711
1722
1734
1735
1749
1753
1755
1756
1764
1769
1778
1783
1805
1823
1838
1839
1886
1911
1932
1935
1951
1952
617
618
619
620
621
622
623
624
625
626
627
628
629
630
631
632
633
634
635
636
637
638
639
640
641
642
643
644
645
646
647
648
649
650
651
652
653
654
655
656
657
658
659
660
661
662
663
664
665
666
667
668
669
670
671
672
749
782
791
796
806
823
827
840
849
850
870
875
888
890
897
937
941
965
972
1000
1003
1006
1009
1012
1016
1026
1045
1056
1075
1087
1096
1103
1173
1179
1184
1199
1212
1214
1258
1259
1274
1286
1334
1363
1380
1392
1401
1402
1403
1413
1444
1445
1451
1456
1460
1480
1491
1497
1501
1523
1532
1548
1557
1568
1613
1624
1640
1654
1656
1664
1672
1682
1689
1690
1696
1705
1736
1746
1773
1776
1791
1799
1801
1804
1811
1820
1840
1845
1865
1906
1908
1909
1910
1914
1953
1954

