988 Symmetry001
' '
1
2
3
4
5
6
7
8
9
10
11
12
13
14
15
16
17
18
19
20
21
22
23
24
25
26
27
28
29
30
31
32
33
34
35
36
37
38
39
40
41
42
43
44
45
46
47
48
49
50
51
52
53
54
55
56
57
58
59
60
61
62
63
64
65
66
67
68
69
70
71
72
73
74
75
76
77
78
79
80
81
82
83
84
85
86
87
88
89
90
91
92
93
94
95
96
97
98
99
100
101
102
103
104
105
106
107
108
109
110
111
112
113
114
115
116
117
118
119
120
121
122
123
124
125
126
127
128
129
130
131
132
133
134
135
136
137
138
139
140
141
142
143
144
145
146
147
148
149
150
151
152
153
154
155
156
157
158
159
160
161
162
163
164
165
166
167
168
169
170
171
172
173
174
175
176
177
178
179
180
181
182
183
184
185
186
187
188
189
190
191
192
193
194
195
196
197
198
199
200
201
202
203
204
205
206
207
208
209
210
211
212
213
214
215
216
217
218
219
220
221
222
223
224
225
226
227
228
229
230
231
232
233
234
235
236
237
238
239
240
241
242
243
244
245
246
247
248
249
250
251
252
253
254
255
256
257
258
259
260
261
262
263
264
265
266
267
268
269
270
271
272
273
274
275
276
277
278
279
280
281
282
283
284
285
286
287
288
289
290
291
292
293
294
295
296
297
298
299
300
301
302
303
304
305
306
307
308
617
618
619
620
621
622
623
624
625
626
627
628
629
630
631
632
633
634
635
636
637
638
639
640
641
642
643
644
673
674
675
676
677
678
679
680
681
682
683
684
685
686
687
688
689
690
691
692
693
694
695
696
697
698
699
700
729
730
731
732
733
738
739
744
747
749
750
752
756
757
759
765
766
768
770
771
772
773
774
778
780
781
783
784
788
789
790
791
792
793
795
796
797
799
800
804
805
806
807
808
810
814
815
818
826
829
834
835
836
837
842
843
844
845
846
847
849
852
854
857
858
860
861
863
869
870
871
872
874
878
883
886
887
888
890
893
896
898
902
904
906
908
909
910
911
913
915
917
920
921
923
926
928
929
930
931
932
933
934
935
936
938
939
943
944
945
950
954
957
958
960
962
967
968
970
971
972
976
979
980
981
983
984
985
986
987
988
989
990
991
992
993
994
995
996
997
998
999
1000
1002
1003
1004
1005
1009
1012
1014
1018
1020
1021
1023
1025
1026
1029
1030
1031
1037
1038
1041
1042
1049
1050
1056
1058
1060
1061
1062
1064
1066
1069
1070
1076
1077
1078
1083
1084
1087
1088
1090
1095
1096
1097
1099
1100
1102
1104
1105
1106
1108
1109
1110
1111
1113
1116
1118
1119
1120
1121
1123
1124
1125
1126
1127
1129
1130
1131
1132
1133
1134
1137
1138
1139
1141
1147
1160
1164
1165
1169
1171
1173
1175
1176
1178
1180
1181
1183
1184
1189
1191
1195
1198
1199
1202
1203
1204
1208
1209
1211
1212
1213
1215
1216
1218
1219
1227
1228
1229
1233
1234
1235
1240
1241
1246
1247
1249
1250
1251
1252
1253
1255
1256
1262
1264
1266
1267
1270
1272
1273
1274
1275
1277
1285
1286
1288
1289
1290
1293
1295
1297
1298
1299
1305
1306
1308
1311
1312
1313
1314
1315
1316
1319
1321
1322
1323
1324
1326
1327
1329
1330
1333
1336
1339
1346
1349
1350
1353
1354
1355
1356
1358
1359
1360
1363
1367
1368
1370
1372
1375
1379
1380
1383
1384
1385
1387
1389
1390
1391
1392
1393
1399
1400
1402
1406
1409
1410
1412
1413
1418
1423
1425
1426
1430
1431
1438
1439
1441
1443
1444
1446
1449
1450
1451
1452
1453
1458
1459
1461
1466
1467
1469
1473
1474
1475
1478
1479
1480
1482
1488
1489
1490
1495
1496
1501
1502
1503
1504
1505
1509
1511
1512
1513
1518
1521
1523
1526
1527
1529
1531
1534
1537
1538
1540
1543
1544
1545
1546
1547
1549
1550
1551
1552
1553
1556
1558
1559
1560
1561
1564
1566
1567
1568
1571
1574
1576
1577
1579
1580
1581
1582
1583
1584
1589
1591
1594
1595
1597
1598
1599
1600
1601
1602
1603
1604
1606
1608
1609
1611
1612
1613
1614
1618
1619
1621
1624
1625
1629
1634
1635
1638
1642
1644
1645
1646
1647
1648
1650
1652
1653
1657
1659
1660
1661
1667
1668
1669
1670
1671
1673
1675
1676
1678
1679
1681
1683
1684
1686
1687
1690
1691
1692
1696
1697
1698
1701
1702
1705
1706
1707
1708
1709
1710
1712
1713
1715
1720
1722
1723
1724
1725
1726
1732
1733
1736
1737
1739
1742
1743
1744
1745
1747
1749
1752
1753
1756
1757
1759
1760
1761
1762
1766
1767
1768
1770
1771
1772
1773
1774
1776
1780
1783
1788
1790
1793
1794
1798
1802
1803
1805
1806
1807
1813
1816
1820
1822
1824
1828
1829
1831
1833
1834
1837
1838
1840
1848
1849
1854
1856
1857
1858
1859
1860
1864
1868
1870
1871
1872
1874
1875
1876
1878
1881
1882
1885
1886
1887
1888
1890
1893
1894
1896
1897
1899
1903
1906
1908
1911
1913
1914
1917
1919
1922
1925
1926
1927
1928
1931
1932
1933
1934
1936
1940
1943
1944
1946
1947
1948
1949
1950
1951
1954
1955
1956
1960
1965
1966
1967
1968
1970
1972
1974
1975

