434 Outflow
' '
1
2
3
4
5
6
7
8
9
10
11
12
13
14
15
16
17
18
19
20
21
22
23
24
25
26
27
28
29
30
31
32
33
34
35
36
37
38
39
40
41
42
43
44
45
46
47
48
49
50
51
52
53
54
55
56
57
58
59
60
61
62
63
64
65
66
67
68
69
70
71
72
73
74
75
76
77
78
79
80
81
82
83
84
85
86
87
88
89
90
91
92
93
94
95
96
97
98
99
100
101
102
103
104
105
106
107
108
109
110
111
112
113
114
115
116
117
118
119
120
122
123
124
126
128
129
131
132
135
138
143
146
151
154
155
156
157
161
167
171
177
181
189
192
194
196
199
202
205
209
214
216
217
221
225
226
227
228
229
230
231
232
234
235
236
238
240
241
243
244
247
250
255
258
263
266
267
268
269
273
279
283
289
293
301
304
306
308
311
314
317
321
326
328
329
333
337
338
339
340
341
342
343
344
346
347
348
350
352
353
355
356
359
362
367
370
375
378
379
380
381
385
391
395
401
405
413
416
418
420
423
426
429
433
438
440
441
445
449
450
451
452
453
454
455
456
458
459
460
462
464
465
467
468
471
474
479
482
487
490
491
492
493
497
503
507
513
517
525
528
530
532
535
538
541
545
550
552
553
557
561
562
563
564
565
566
567
568
570
571
572
574
576
577
579
580
583
586
591
594
599
602
603
604
605
609
615
619
625
629
637
640
642
644
647
650
653
657
662
664
665
669
673
674
675
676
677
678
679
680
681
682
683
684
685
686
687
688
689
690
691
692
693
694
695
696
697
698
699
700
701
702
703
704
705
706
707
708
709
710
711
712
713
714
715
716
717
718
719
720
721
722
723
724
725
726
727
728
729
730
731
732
733
734
735
736
737
738
739
740
741
742
743
744
745
746
747
748
749
750
751
752
753
754
755
756
757
758
759
760
761
762
763
764
765
766
767
768
769
770
771
772
773
774
775
776
777
778
779
780
781
782
783
784
