97 Inflow2
' '
1304
1478
10250
11235
30269
1790
9920
10248
11231
11232
31781
1249
1567
1746
10249
11727
12552
12728
12730
29739
30270
31778
33606
33834
2040
9919
9918
11291
11728
12550
12551
13432
29738
31861
32526
33605
1490
1946
12881
10831
11292
13877
34794
1403
1826
13434
13879
31864
34035
35402
11294
12887
31193
2116
2174
10833
12882
12883
12885
14205
31860
34036
34042
1863
34039
35825
1712
12431
13037
14031
14207
14478
2006
2079
13036
13727
33486
34228
35579
2230
12432
13690
14209
35203
35829
13726
14027
14028
35151
2000
14655
35575
2212
13692
14274
2131
11290