824 Symmetry100
' '
872
873
882
888
899
904
907
910
914
918
3510
3520
3596
3619
3647
3669
3698
3706
3726
3734
3770
3778
3787
3812
3843
3844
3850
3911
3969
3980
3989
4041
4075
4083
4119
4157
4193
4208
4221
4251
4260
4261
4264
4266
4306
4322
4324
4334
4360
4365
4366
4388
4444
4501
4506
4513
4532
4549
4560
4562
4628
4634
4643
4654
4675
4697
4731
4750
4820
4843
4847
4851
4918
4935
5123
5132
5161
5225
5243
5253
5284
5296
1794
1859
1883
1913
1951
1978
1987
2013
2016
2025
2051
2073
2218
2223
2225
2239
2291
2310
2335
2364
2372
2428
2538
2633
2671
2742
2746
2799
2813
2820
2894
2950
3146
3181
3247
3275
3299
3357
3451
3458
3462
3467
3473
3477
3485
3495
3540
3550
3564
3606
3633
3683
3693
3700
3711
3728
3730
3744
3755
3765
3803
3818
3865
3873
3912
3917
3932
3933
3957
3981
4073
4085
4086
4120
4145
4188
4210
4235
4254
4308
4313
4319
4352
4374
4476
4584
4610
4655
4658
4674
4683
4751
4801
4809
4866
4877
4941
4969
5053
5112
5150
5162
5188
5222
5237
5289
5290
5306
948
1128
1146
1157
1167
1182
1199
1256
1277
1312
1356
1408
1434
1444
1491
1509
1512
1519
1523
1611
1666
1687
1755
1771
1777
1798
1845
1856
1895
1939
1965
1993
2008
2019
2074
2077
2087
2096
2105
2148
2166
2167
2190
2251
2257
2260
2272
2300
2307
2313
2324
2330
2345
2359
2369
2416
2450
2459
2478
2481
2485
2491
2528
2592
2608
2610
2623
2634
2652
2674
2713
2736
2739
2749
2759
2768
2797
2804
2806
2825
2843
2845
2910
2913
2936
2957
2964
2990
3000
3002
3004
3013
3040
3048
3051
3057
3064
3069
3096
3118
3136
3153
3161
3162
3168
3202
3238
3241
3281
3335
3343
3387
3390
3402
673
674
675
676
677
678
679
680
681
682
683
684
685
686
687
688
689
690
691
692
693
694
695
696
697
698
699
700
701
702
703
704
705
706
707
708
709
710
711
712
713
714
715
716
717
718
719
720
721
722
723
724
725
726
727
728
746
747
760
770
799
837
841
848
851
852
922
939
981
983
996
1012
1022
1024
1048
1068
1082
1106
1114
1118
1192
1198
1206
1285
1286
1305
1323
1347
1358
1360
1398
1401
1415
1446
1449
1463
1471
1500
1506
1527
1551
1560
1618
1657
1667
1676
1685
1692
617
618
619
620
621
622
623
624
625
626
627
628
629
630
631
632
633
634
635
636
637
638
639
640
641
642
643
644
645
646
647
648
649
650
651
652
653
654
655
656
657
658
659
660
661
662
663
664
665
666
667
668
669
670
671
672
749
782
791
796
806
823
827
840
849
850
930
936
962
971
980
1004
1018
1031
1032
1049
1071
1079
1091
1092
1109
1116
1124
1176
1179
1187
1189
1200
1218
1229
1243
1259
1273
1288
1293
1295
1324
1326
1350
1425
1477
1505
1508
1516
1518
1568
1613
1637
1653
1655
931
932
1029
1072
1077
1123
1205
1254
1289
1353
1355
1364
1391
1511
1545
1592
1700
1702
1709
1719
1762
1763
1770
1788
1802
1832
1840
1864
1866
1879
1898
1904
1915
1928
1946
1948
1952
1983
2004
2007
2014
2022
2034
2064
2078
2109
2110
2116
2119
2224
2264
2302
2314
2319
2321
2383
2390
2391
2394
2397
2401
2447
2449
2499
2503
2531
2556
2561
2604
2607
2648
2658
2701
2705
2711
2723
2743
2744
2748
2784
2818
2824
2833
2841
2848
2868
2875
2876
2886
2898
2925
2941
2972
2974
2993
2997
3003
3010
3038
3077
3112
3124
3154
3156
3164
3191
3226
3228
3280
3286
3297
3307
3348
3353
3371
3388
3391
3411
1768
1807
1817
2039
2106
2254
2259
2286
2361
2435
2439
2575
2586
2620
2636
2639
2684
2708
2770
2816
2860
2920
2924
2983
2995
3019
3067
3102
3197
3199
3292
3351
3431
3437
3441
3453
3482
3486
3499
3511
3637
3641
3645
3671
3794
3808
3846
3900
3909
3910
3963
3991
3994
3998
4013
4019
4054
4062
4114
4132
4161
4209
4212
4219
4229
4236
4286
4311
4346
4362
4399
4401
4409
4469
4471
4487
4505
4520
4534
4542
4547
4552
4571
4574
4620
4638
4672
4679
4716
4722
4775
4815
4853
4856
4920
4932
4936
4963
4995
5002
5008
5042
5049
5068
5094
5100
5160
5200
5229
5233
863
866
878
884
887
892
901
903
905
906
3438
3439
3474
3502
3521
3532
3552
3584
3593
3599
3611
3649
3702
3729
3741
3789
3820
3826
3884
3886
3889
3908
3997
4053
4076
4092
4127
4150
4151
4165
4171
4185
4239
4284
4302
4304
4331
4384
4406
4435
4488
4553
4606
4671
4691
4730
4744
4767
4805
4810
4825
4880
4928
4964
4968
4999
5025
5083
5084
5087
5148
5182
5221
5303

