2654 Symmetry001
' '
309
310
311
312
313
314
315
316
317
318
319
320
321
322
323
324
325
326
327
328
329
330
331
332
333
334
335
336
337
338
339
340
341
342
343
344
345
346
347
348
349
350
351
352
353
354
355
356
357
358
359
360
361
362
363
364
365
366
367
368
369
370
371
372
373
374
375
376
377
378
379
380
381
382
383
384
385
386
387
388
389
390
391
392
393
394
395
396
397
398
399
400
401
402
403
404
405
406
407
408
409
410
411
412
413
414
415
416
417
418
419
420
421
422
423
424
425
426
427
428
429
430
431
432
433
434
435
436
437
438
439
440
441
442
443
444
445
446
447
448
449
450
451
452
453
454
455
456
457
458
459
460
461
462
463
464
465
466
467
468
469
470
471
472
473
474
475
476
477
478
479
480
481
482
483
484
485
486
487
488
489
490
491
492
493
494
495
496
497
498
499
500
501
502
503
504
505
506
507
508
509
510
511
512
513
514
515
516
517
518
519
520
521
522
523
524
525
526
527
528
529
530
531
532
533
534
535
536
537
538
539
540
541
542
543
544
545
546
547
548
549
550
551
552
553
554
555
556
557
558
559
560
561
562
563
564
565
566
567
568
569
570
571
572
573
574
575
576
577
578
579
580
581
582
583
584
585
586
587
588
589
590
591
592
593
594
595
596
597
598
599
600
601
602
603
604
605
606
607
608
609
610
611
612
613
614
615
616
645
646
647
648
649
650
651
652
653
654
655
656
657
658
659
660
661
662
663
664
665
666
667
668
669
670
671
672
701
702
703
704
705
706
707
708
709
710
711
712
713
714
715
716
717
718
719
720
721
722
723
724
725
726
727
728
734
735
736
737
740
741
742
743
745
746
748
751
753
754
755
758
760
761
762
763
764
767
769
775
776
777
779
782
785
786
787
794
798
801
802
803
809
811
812
813
816
817
819
820
821
822
823
824
825
827
828
830
831
832
833
838
839
840
841
848
850
851
853
855
856
859
860
861
862
863
865
866
867
869
870
873
876
880
881
882
883
887
890
892
896
897
899
904
906
911
913
915
916
917
918
919
924
926
928
929
931
932
933
936
937
939
940
941
942
943
944
946
952
954
958
960
962
963
965
966
968
970
971
972
973
979
980
981
985
986
987
988
992
993
995
1000
1001
1003
1008
1012
1014
1015
1017
1020
1021
1022
1023
1027
1030
1033
1034
1036
1037
1041
1042
1043
1044
1047
1050
1052
1054
1055
1057
1058
1066
1067
1070
1072
1073
1074
1075
1076
1079
1080
1081
1083
1084
1089
1093
1097
1098
1099
1100
1104
1105
1106
1110
1112
1116
1117
1119
1124
1125
1127
1129
1130
1131
1132
1134
1135
1138
1140
1142
1143
1146
1148
1149
1150
1151
1153
1156
1159
1162
1164
1165
1169
1170
1171
1172
1174
1176
1177
1182
1185
1186
1187
1189
1191
1195
1196
1197
1199
1200
1201
1202
1204
1208
1209
1211
1216
1217
1221
1222
1223
1224
1225
1226
1227
1232
1235
1237
1238
1239
1241
1242
1243
1245
1246
1247
1252
1253
1254
1255
1258
1260
1269
1271
1272
1273
1274
1276
1277
1280
1281
1284
1285
1287
1288
1289
1291
1295
1300
1303
1304
1305
1309
1311
1313
1315
1317
1320
1321
1324
1325
1328
1331
1332
1333
1335
1337
1339
1341
1343
1344
1346
1347
1349
1354
1357
1358
1359
1360
1362
1363
1364
1365
1366
1367
1368
1372
1374
1375
1378
1379
1380
1382
1386
1390
1391
1392
1395
1398
1402
1403
1407
1408
1409
1413
1415
1419
1420
1423
1424
1425
1426
1427
1429
1430
1431
1435
1436
1437
1440
1442
1443
1445
1447
1452
1453
1456
1459
1460
1463
1464
1465
1466
1467
1470
1471
1472
1473
1474
1475
1477
1478
1479
1480
1481
1483
1485
1487
1488
1489
1491
1493
1495
1496
1498
1499
1500
1501
1503
1505
1506
1507
1509
1510
1512
1513
1516
1518
1519
1520
1521
1523
1524
1525
1529
1530
1532
1534
1535
1536
1537
1538
1541
1543
1545
1548
1550
1551
1552
1555
1556
1557
1558
1562
1564
1566
1570
1580
1587
1589
1592
1593
1595
1596
1598
1599
1601
1602
1603
1605
1606
1608
1610
1611
1612
1613
1614
1617
1619
1620
1621
1622
1623
1627
1629
1640
1642
1643
1644
1646
1647
1650
1651
1654
1657
1659
1660
1661
1667
1671
1672
1673
1675
1676
1677
1679
1682
1685
1686
1688
1689
1694
1695
1698
1699
1701
1704
1705
1706
1707
1715
1719
1720
1722
1726
1728
1730
1733
1736
1738
1741
1743
1744
1745
1746
1747
1749
1750
1751
1754
1758
1759
1762
1763
1764
1765
1771
1772
1773
1774
1776
1783
1785
1786
1788
1791
1792
1793
1794
1795
1797
1798
1800
1802
1803
1805
1811
1814
1815
1816
1817
1820
1822
1823
1825
1828
1830
1831
1834
1838
1839
1840
1842
1845
1846
1848
1851
1855
1856
1857
1860
1861
1862
1865
1867
1869
1871
1872
1875
1881
1882
1883
1886
1887
1888
1890
1892
1894
1896
1900
1901
1902
1903
1906
1907
1908
1909
1910
1920
1921
1922
1926
1931
1933
1935
1936
1942
1943
1947
1948
1949
1950
1953
1954
1956
1958
1960
1961
1962
1965
1968
1969
1972
1976
1978
1979
1980
1982
1983
1984
1986
1988
1989
1991
1994
1999
2002
2003
2004
2005
2006
2010
2012
2014
2015
2018
2021
2023
2025
2027
2032
2033
2037
2038
2040
2041
2042
2043
2044
2046
2047
2049
2051
2053
2055
2057
2061
2064
2068
2070
2071
2072
2073
2075
2081
2086
2088
2090
2092
2094
2096
2098
2099
2100
2104
2107
2109
2110
2111
2112
2119
2123
2124
2125
2126
2128
2129
2131
2132
2134
2135
2136
2137
2139
2140
2145
2146
2150
2152
2154
2157
2159
2161
2163
2165
2166
2167
2168
2170
2171
2172
2173
2176
2177
2178
2179
2180
2182
2185
2187
2188
2190
2192
2194
2199
2201
2205
2206
2207
2208
2213
2215
2220
2222
2224
2225
2227
2231
2232
2234
2237
2238
2240
2242
2243
2244
2245
2246
2247
2248
2253
2256
2259
2263
2267
2268
2270
2272
2273
2275
2277
2278
2279
2280
2281
2282
2284
2285
2287
2288
2289
2290
2292
2294
2295
2296
2297
2298
2300
2301
2302
2304
2307
2309
2313
2317
2319
2320
2321
2324
2325
2326
2328
2329
2331
2332
2333
2337
2340
2341
2342
2343
2344
2347
2348
2349
2351
2352
2356
2357
2358
2363
2364
2366
2376
2381
2382
2383
2389
2390
2391
2395
2396
2398
2399
2400
2401
2402
2403
2404
2407
2409
2415
2418
2424
2425
2428
2431
2432
2434
2435
2437
2440
2441
2443
2444
2448
2450
2451
2453
2454
2459
2460
2462
2463
2464
2466
2468
2470
2476
2478
2479
2480
2482
2483
2485
2486
2488
2492
2494
2497
2498
2501
2503
2505
2506
2509
2510
2512
2517
2520
2521
2522
2524
2526
2531
2532
2534
2536
2538
2541
2542
2543
2544
2545
2547
2551
2553
2554
2555
2557
2558
2561
2562
2563
2564
2566
2567
2571
2574
2575
2577
2581
2584
2585
2587
2588
2590
2591
2592
2594
2597
2600
2606
2607
2608
2612
2613
2615
2617
2622
2624
2628
2629
2631
2633
2634
2636
2638
2639
2643
2644
2645
2646
2649
2651
2653
2656
2657
2659
2660
2662
2667
2669
2671
2673
2675
2677
2679
2680
2682
2683
2684
2689
2691
2692
2698
2699
2701
2703
2706
2708
2709
2710
2711
2718
2719
2722
2724
2725
2727
2729
2730
2731
2732
2736
2737
2738
2739
2740
2742
2745
2748
2751
2755
2757
2760
2761
2763
2764
2766
2767
2769
2773
2774
2775
2776
2779
2781
2784
2785
2787
2788
2789
2790
2792
2794
2795
2796
2800
2804
2805
2808
2809
2810
2812
2813
2815
2817
2818
2819
2820
2821
2825
2830
2833
2835
2836
2839
2840
2842
2845
2846
2849
2853
2855
2859
2861
2862
2863
2869
2871
2872
2875
2877
2879
2880
2881
2882
2883
2884
2885
2886
2889
2892
2893
2894
2898
2899
2901
2902
2904
2905
2906
2907
2910
2911
2917
2920
2921
2922
2923
2925
2926
2927
2929
2933
2935
2936
2937
2938
2940
2941
2942
2943
2946
2955
2957
2960
2965
2968
2969
2970
2971
2972
2973
2975
2976
2980
2982
2983
2986
2988
2989
2990
2992
3001
3004
3006
3008
3009
3010
3011
3014
3019
3020
3024
3025
3027
3032
3033
3037
3038
3039
3044
3045
3048
3052
3053
3056
3057
3058
3064
3067
3068
3072
3077
3079
3082
3084
3085
3088
3089
3093
3094
3095
3097
3098
3099
3101
3102
3104
3106
3111
3113
3115
3116
3118
3119
3120
3121
3122
3124
3129
3132
3136
3137
3138
3140
3141
3143
3145
3146
3147
3149
3150
3151
3153
3154
3155
3157
3160
3161
3162
3163
3164
3166
3168
3170
3171
3172
3174
3178
3179
3180
3181
3182
3183
3185
3189
3191
3195
3196
3197
3200
3202
3203
3204
3207
3212
3214
3216
3217
3218
3219
3222
3223
3225
3227
3230
3233
3235
3236
3238
3239
3240
3241
3242
3246
3248
3249
3252
3253
3254
3255
3256
3257
3259
3260
3261
3262
3264
3265
3267
3268
3269
3273
3278
3279
3281
3282
3284
3285
3286
3287
3289
3290
3291
3292
3293
3294
3295
3297
3298
3299
3301
3305
3306
3308
3312
3313
3316
3317
3319
3321
3322
3326
3328
3329
3332
3334
3339
3340
3341
3342
3343
3344
3345
3349
3351
3352
3353
3354
3355
3356
3358
3362
3363
3364
3365
3367
3369
3370
3372
3373
3374
3375
3376
3377
3378
3379
3380
3381
3382
3383
3384
3386
3390
3391
3392
3394
3395
3397
3405
3406
3409
3411
3412
3414
3415
3417
3418
3419
3420
3421
3422
3425
3426
3428
3429
3437
3438
3443
3444
3448
3449
3451
3452
3456
3457
3458
3459
3460
3461
3463
3467
3468
3471
3472
3473
3475
3477
3481
3483
3484
3485
3487
3490
3491
3494
3495
3498
3502
3503
3504
3505
3506
3509
3511
3515
3517
3519
3520
3522
3525
3527
3528
3530
3534
3535
3536
3538
3539
3543
3547
3548
3551
3552
3553
3554
3555
3558
3562
3564
3566
3567
3573
3574
3575
3582
3583
3584
3585
3586
3587
3590
3592
3594
3595
3596
3600
3601
3602
3603
3606
3607
3611
3613
3615
3616
3618
3619
3623
3624
3625
3626
3628
3629
3633
3635
3637
3640
3641
3643
3644
3651
3652
3653
3655
3656
3659
3661
3662
3663
3668
3671
3672
3673
3674
3676
3677
3678
3679
3680
3682
3683
3684
3687
3688
3689
3693
3697
3698
3699
3700
3701
3702
3704
3706
3707
3708
3709
3710
3712
3715
3716
3719
3720
3722
3730
3731
3732
3734
3735
3736
3737
3739
3742
3743
3746
3749
3750
3753
3755
3759
3762
3764
3765
3766
3767
3769
3772
3779
3781
3782
3783
3784
3786
3788
3789
3790
3791
3792
3793
3795
3798
3799
3803
3805
3806
3809
3815
3816
3821
3831
3833
3834
3835
3836
3837
3839
3841
3843
3844
3847
3850
3852
3853
3856
3859
3863
3864
3867
3868
3869
3870
3872
3875
3879
3881
3883
3884
3888
3889
3890
3891
3896
3898
3900
3901
3902
3905
3906
3907
3908
3910
3913
3915
3916
3918
3919
3921
3923
3924
3927
3928
3929
3936
3937
3938
3940
3941
3943
3946
3947
3951
3952
3956
3958
3959
3960
3961
3962
3963
3964
3966
3967
3968
3971
3973
3974
3975
3977
3978
3980
3981
3983
3984
3986
3988
3989
3991
3994
3996
3997
3998
4004
4007
4009
4010
4013
4014
4016
4017
4018
4021
4023
4024
4027
4028
4030
4031
4035
4038
4039
4040
4043
4045
4046
4047
4049
4051
4056
4057
4061
4062
4063
4068
4069
4070
4071
4075
4077
4079
4082
4084
4086
4091
4092
4093
4095
4097
4102
4103
4104
4107
4112
4117
4119
4120
4121
4122
4125
4126
4128
4129
4130
4132
4134
4139
4142
4143
4145
4146
4150
4151
4152
4154
4155
4156
4157
4160
4162
4163
4167
4168
4169
4172
4173
4174
4175
4176
4178
4179
4182
4184
4187
4189
4190
4192
4193
4195
4199
4204
4206
4207
4210
4211
4212
4213
4214
4219
4220
4221
4224
4225
4227
4229
4230
4233
4234
4236
4237
4238
4240
4241
4242
4243
4245
4247
4251
4253
4255
4256
4257
4258
4260
4262
4265
4269
4272
4274
4277
4279
4281
4284
4285
4288
4289
4290
4293
4295
4302
4303
4305
4306
4307
4309
4310
4311
4314
4315
4316
4317
4319
4321
4322
4326
4327
4329
4332
4333
4335
4336
4337
4339
4340
4345
4346
4347
4350
4351
4354
4357
4359
4363
4364
4365
4366
4367
4368
4373
4376
4378
4379
4381
4382
4384
4385
4387
4388
4391
4392
4397
4398
4399
4407
4409
4411
4412
4414
4416
4417
4424
4425
4426
4427
4428
4429
4431
4432
4434
4436
4439
4441
4443
4444
4447
4448
4449
4451
4452
4453
4454
4455
4456
4457
4459
4460
4465
4466
4469
4472
4473
4474
4476
4477
4478
4479
4482
4488
4490
4492
4493
4494
4497
4498
4500
4501
4504
4508
4511
4512
4514
4515
4516
4520
4521
4527
4529
4530
4531
4533
4535
4537
4541
4546
4548
4550
4552
4554
4555
4557
4562
4563
4565
4566
4567
4570
4571
4572
4573
4575
4576
4577
4578
4580
4582
4583
4584
4585
4586
4589
4590
4591
4594
4596
4598
4600
4603
4605
4610
4611
4612
4613
4614
4615
4618
4621
4626
4628
4633
4634
4636
4638
4640
4641
4642
4643
4644
4645
4646
4648
4649
4650
4651
4652
4653
4656
4659
4661
4664
4665
4666
4668
4669
4671
4674
4675
4677
4679
4682
4684
4685
4686
4689
4691
4693
4694
4696
4700
4701
4703
4704
4707
4712
4714
4715
4717
4719
4721
4722
4725
4727
4729
4735
4736
4738
4739
4741
4742
4743
4744
4749
4751
4753
4754
4755
4758
4759
4761
4762
4763
4764
4772
4773
4774
4776
4777
4778
4780
4781
4783
4784
4786
4787
4788
4791
4792
4793
4794
4800
4801
4802
4804
4805
4806
4817
4818
4820
4822
4823
4825
4826
4827
4828
4833
4837
4840
4841
4842
4844
4845
4846
4847
4848
4851
4852
4853
4856
4857
4859
4863
4864
4866
4868
4869
4870
4871
4877
4883
4885
4888
4889
4890
4891
4893
4895
4897
4898
4899
4900
4901
4904
4908
4910
4912
4914
4921
4923
4924
4925
4930
4931
4932
4939
4945
4946
4947
4948
4950
4951
4952
4953
4954
4955
4957
4958
4960
4962
4965
4966
4972
4973
4975
4976
4977
4978
4979
4981
4982
4984
4994
4995
4996
4997
4998
4999
5003
5005
5007
5008
5010
5011
5019
5020
5021
5023
5024
5025
5027
5028
5029
5030
5032
5035
5036
5041
5042
5046
5049
5052
5056
5061
5062
5063
5065
5068
5070
5071
5074
5076
5078
5080
5083
5084
5085
5087
5091
5092
5093
5095
5097
5098
5099
5100
5101
5108
5111
5114
5115
5117
5119
5121
5123
5124
5125
5126
5127
5129
5130
5132
5135
5136
5139
5143
5144
5148
5151
5152
5153
5154
5155
5157
5158
5159
5162
5166
5167
5168
5169
5174
5175
5178
5181
5182
5185
5187
5192
5197
5198
5199
5202
5204
5207
5208
5210
5212
5214
5216
5218
5221
5222
5224
5226
5228
5229
5230
5234
5235
5236
5238
5239
5245
5246
5248
5256
5257
5258
5259
5260
5261
5262
5263
5264
5266
5272
5273
5274
5275
5276
5278
5279
5284
5285
5286
5288
5290
5291
5294
5298
5301
5303
5304
5306
5307
5308

