2654 Symmetry001
' '
1
2
3
4
5
6
7
8
9
10
11
12
13
14
15
16
17
18
19
20
21
22
23
24
25
26
27
28
29
30
31
32
33
34
35
36
37
38
39
40
41
42
43
44
45
46
47
48
49
50
51
52
53
54
55
56
57
58
59
60
61
62
63
64
65
66
67
68
69
70
71
72
73
74
75
76
77
78
79
80
81
82
83
84
85
86
87
88
89
90
91
92
93
94
95
96
97
98
99
100
101
102
103
104
105
106
107
108
109
110
111
112
113
114
115
116
117
118
119
120
121
122
123
124
125
126
127
128
129
130
131
132
133
134
135
136
137
138
139
140
141
142
143
144
145
146
147
148
149
150
151
152
153
154
155
156
157
158
159
160
161
162
163
164
165
166
167
168
169
170
171
172
173
174
175
176
177
178
179
180
181
182
183
184
185
186
187
188
189
190
191
192
193
194
195
196
197
198
199
200
201
202
203
204
205
206
207
208
209
210
211
212
213
214
215
216
217
218
219
220
221
222
223
224
225
226
227
228
229
230
231
232
233
234
235
236
237
238
239
240
241
242
243
244
245
246
247
248
249
250
251
252
253
254
255
256
257
258
259
260
261
262
263
264
265
266
267
268
269
270
271
272
273
274
275
276
277
278
279
280
281
282
283
284
285
286
287
288
289
290
291
292
293
294
295
296
297
298
299
300
301
302
303
304
305
306
307
308
617
618
619
620
621
622
623
624
625
626
627
628
629
630
631
632
633
634
635
636
637
638
639
640
641
642
643
644
673
674
675
676
677
678
679
680
681
682
683
684
685
686
687
688
689
690
691
692
693
694
695
696
697
698
699
700
729
730
731
732
733
738
739
744
747
749
750
752
756
757
759
765
766
768
770
771
772
773
774
778
780
781
783
784
788
789
790
791
792
793
795
796
797
799
800
804
805
806
807
808
810
814
815
818
826
829
834
835
836
837
842
843
844
845
846
847
849
852
854
857
858
864
868
871
872
874
875
877
878
879
884
885
886
888
889
891
893
894
895
898
900
901
902
903
905
907
908
909
910
912
914
920
921
922
923
925
927
930
934
935
938
945
947
948
949
950
951
953
955
956
957
959
961
964
967
969
974
975
976
977
978
982
983
984
989
990
991
994
996
997
998
999
1002
1004
1005
1006
1007
1009
1010
1011
1013
1016
1018
1019
1024
1025
1026
1028
1029
1031
1032
1035
1038
1039
1040
1045
1046
1048
1049
1051
1053
1056
1059
1060
1061
1062
1063
1064
1065
1068
1069
1071
1077
1078
1082
1085
1086
1087
1088
1090
1091
1092
1094
1095
1096
1101
1102
1103
1107
1108
1109
1111
1113
1114
1115
1118
1120
1121
1122
1123
1126
1128
1133
1136
1137
1139
1141
1144
1145
1147
1152
1154
1155
1157
1158
1160
1161
1163
1166
1167
1168
1173
1175
1178
1179
1180
1181
1183
1184
1188
1190
1192
1193
1194
1198
1203
1205
1206
1207
1210
1212
1213
1214
1215
1218
1219
1220
1228
1229
1230
1231
1233
1234
1236
1240
1244
1248
1249
1250
1251
1256
1257
1259
1261
1262
1263
1264
1265
1266
1267
1268
1270
1275
1278
1279
1282
1283
1286
1290
1292
1293
1294
1296
1297
1298
1299
1301
1302
1306
1307
1308
1310
1312
1314
1316
1318
1319
1322
1323
1326
1327
1329
1330
1334
1336
1338
1340
1342
1345
1348
1350
1351
1352
1353
1355
1356
1361
1369
1370
1371
1373
1376
1377
1381
1383
1384
1385
1387
1388
1389
1393
1394
1396
1397
1399
1400
1401
1404
1405
1406
1410
1411
1412
1414
1416
1417
1418
1421
1422
1428
1432
1433
1434
1438
1439
1441
1444
1446
1448
1449
1450
1451
1454
1455
1457
1458
1461
1462
1468
1469
1476
1482
1484
1486
1490
1492
1494
1497
1502
1504
1508
1511
1514
1515
1517
1522
1526
1527
1528
1531
1533
1539
1540
1542
1544
1546
1547
1549
1553
1554
1559
1560
1561
1563
1565
1567
1568
1569
1571
1572
1573
1574
1575
1576
1577
1578
1579
1581
1582
1583
1584
1585
1586
1588
1590
1591
1594
1597
1600
1604
1607
1609
1615
1616
1618
1624
1625
1626
1628
1630
1631
1632
1633
1634
1635
1636
1637
1638
1639
1641
1645
1648
1649
1652
1653
1655
1656
1658
1662
1663
1664
1665
1666
1668
1669
1670
1674
1678
1680
1681
1683
1684
1687
1690
1691
1692
1693
1696
1697
1700
1702
1703
1708
1709
1710
1711
1712
1713
1714
1716
1717
1718
1721
1723
1724
1725
1727
1729
1731
1732
1734
1735
1737
1739
1740
1742
1748
1752
1753
1755
1756
1757
1760
1761
1766
1767
1768
1769
1770
1775
1777
1778
1779
1780
1781
1782
1784
1787
1789
1790
1796
1799
1801
1804
1806
1807
1808
1809
1810
1812
1813
1818
1819
1821
1824
1826
1827
1829
1832
1833
1835
1836
1837
1841
1843
1844
1847
1849
1850
1852
1853
1854
1858
1859
1863
1864
1866
1868
1870
1873
1874
1876
1877
1878
1879
1880
1884
1885
1889
1891
1893
1895
1897
1898
1899
1904
1905
1911
1912
1913
1914
1915
1916
1917
1918
1919
1923
1924
1925
1927
1928
1929
1930
1932
1934
1937
1938
1939
1940
1941
1944
1945
1946
1951
1952
1955
1957
1959
1963
1964
1966
1967
1970
1971
1973
1974
1975
1977
1981
1985
1987
1990
1992
1993
1995
1996
1997
1998
2000
2001
2007
2008
2009
2011
2013
2016
2017
2019
2020
2022
2024
2026
2028
2029
2030
2031
2034
2035
2036
2039
2045
2048
2050
2052
2054
2056
2058
2059
2060
2062
2063
2065
2066
2067
2069
2074
2076
2077
2078
2079
2080
2082
2083
2084
2085
2087
2089
2091
2093
2095
2097
2101
2102
2103
2105
2106
2108
2113
2114
2115
2116
2117
2118
2120
2121
2122
2127
2130
2133
2138
2141
2142
2143
2144
2147
2148
2149
2151
2153
2155
2156
2158
2160
2162
2164
2169
2174
2175
2181
2183
2184
2186
2189
2191
2193
2195
2196
2197
2198
2200
2202
2203
2204
2209
2210
2211
2212
2214
2216
2217
2218
2219
2221
2223
2226
2228
2229
2230
2233
2235
2236
2239
2241
2249
2250
2251
2252
2254
2255
2257
2258
2260
2261
2262
2264
2265
2266
2269
2271
2274
2276
2283
2286
2291
2293
2299
2303
2305
2306
2308
2310
2311
2312
2314
2315
2316
2318
2322
2323
2327
2330
2334
2335
2336
2338
2339
2345
2346
2350
2353
2354
2355
2359
2360
2361
2362
2365
2367
2368
2369
2370
2371
2372
2373
2374
2375
2377
2378
2379
2380
2384
2385
2386
2387
2388
2392
2393
2394
2397
2405
2406
2408
2410
2411
2412
2413
2414
2416
2417
2419
2420
2421
2422
2423
2426
2427
2429
2430
2433
2436
2438
2439
2442
2445
2446
2447
2449
2452
2455
2456
2457
2458
2461
2465
2467
2469
2471
2472
2473
2474
2475
2477
2481
2484
2487
2489
2490
2491
2493
2495
2496
2499
2500
2502
2504
2507
2508
2511
2513
2514
2515
2516
2518
2519
2523
2525
2527
2528
2529
2530
2533
2535
2537
2539
2540
2546
2548
2549
2550
2552
2556
2559
2560
2565
2568
2569
2570
2572
2573
2576
2578
2579
2580
2582
2583
2586
2589
2593
2595
2596
2598
2599
2601
2602
2603
2604
2605
2609
2610
2611
2614
2616
2618
2619
2620
2621
2623
2625
2626
2627
2630
2632
2635
2637
2640
2641
2642
2647
2648
2650
2652
2654
2655
2658
2661
2663
2664
2665
2666
2668
2670
2672
2674
2676
2678
2681
2685
2686
2687
2688
2690
2693
2694
2695
2696
2697
2700
2702
2704
2705
2707
2712
2713
2714
2715
2716
2717
2720
2721
2723
2726
2728
2733
2734
2735
2741
2743
2744
2746
2747
2749
2750
2752
2753
2754
2756
2758
2759
2762
2765
2768
2770
2771
2772
2777
2778
2780
2782
2783
2786
2791
2793
2797
2798
2799
2801
2802
2803
2806
2807
2811
2814
2816
2822
2823
2824
2826
2827
2828
2829
2831
2832
2834
2837
2838
2841
2843
2844
2847
2848
2850
2851
2852
2854
2856
2857
2858
2860
2864
2865
2866
2867
2868
2870
2873
2874
2876
2878
2887
2888
2890
2891
2895
2896
2897
2900
2903
2908
2909
2912
2913
2914
2915
2916
2918
2919
2924
2928
2930
2931
2932
2934
2939
2944
2945
2947
2948
2949
2950
2951
2952
2953
2954
2956
2958
2959
2961
2962
2963
2964
2966
2967
2974
2977
2978
2979
2981
2984
2985
2987
2991
2993
2994
2995
2996
2997
2998
2999
3000
3002
3003
3005
3007
3012
3013
3015
3016
3017
3018
3021
3022
3023
3026
3028
3029
3030
3031
3034
3035
3036
3040
3041
3042
3043
3046
3047
3049
3050
3051
3054
3055
3059
3060
3061
3062
3063
3065
3066
3069
3070
3071
3073
3074
3075
3076
3078
3080
3081
3083
3086
3087
3090
3091
3092
3096
3100
3103
3105
3107
3108
3109
3110
3112
3114
3117
3123
3125
3126
3127
3128
3130
3131
3133
3134
3135
3139
3142
3144
3148
3152
3156
3158
3159
3165
3167
3169
3173
3175
3176
3177
3184
3186
3187
3188
3190
3192
3193
3194
3198
3199
3201
3205
3206
3208
3209
3210
3211
3213
3215
3220
3221
3224
3226
3228
3229
3231
3232
3234
3237
3243
3244
3245
3247
3250
3251
3258
3263
3266
3270
3271
3272
3274
3275
3276
3277
3280
3283
3288
3296
3300
3302
3303
3304
3307
3309
3310
3311
3314
3315
3318
3320
3323
3324
3325
3327
3330
3331
3333
3335
3336
3337
3338
3346
3347
3348
3350
3357
3359
3360
3361
3366
3368
3371
3385
3387
3388
3389
3393
3396
3398
3399
3400
3401
3402
3403
3404
3407
3408
3410
3413
3416
3423
3424
3427
3430
3431
3432
3433
3434
3435
3436
3439
3440
3441
3442
3445
3446
3447
3450
3453
3454
3455
3462
3464
3465
3466
3469
3470
3474
3476
3478
3479
3480
3482
3486
3488
3489
3492
3493
3496
3497
3499
3500
3501
3507
3508
3510
3512
3513
3514
3516
3518
3521
3523
3524
3526
3529
3531
3532
3533
3537
3540
3541
3542
3544
3545
3546
3549
3550
3556
3557
3559
3560
3561
3563
3565
3568
3569
3570
3571
3572
3576
3577
3578
3579
3580
3581
3588
3589
3591
3593
3597
3598
3599
3604
3605
3608
3609
3610
3612
3614
3617
3620
3621
3622
3627
3630
3631
3632
3634
3636
3638
3639
3642
3645
3646
3647
3648
3649
3650
3654
3657
3658
3660
3664
3665
3666
3667
3669
3670
3675
3681
3685
3686
3690
3691
3692
3694
3695
3696
3703
3705
3711
3713
3714
3717
3718
3721
3723
3724
3725
3726
3727
3728
3729
3733
3738
3740
3741
3744
3745
3747
3748
3751
3752
3754
3756
3757
3758
3760
3761
3763
3768
3770
3771
3773
3774
3775
3776
3777
3778
3780
3785
3787
3794
3796
3797
3800
3801
3802
3804
3807
3808
3810
3811
3812
3813
3814
3817
3818
3819
3820
3822
3823
3824
3825
3826
3827
3828
3829
3830
3832
3838
3840
3842
3845
3846
3848
3849
3851
3854
3855
3857
3858
3860
3861
3862
3865
3866
3871
3873
3874
3876
3877
3878
3880
3882
3885
3886
3887
3892
3893
3894
3895
3897
3899
3903
3904
3909
3911
3912
3914
3917
3920
3922
3925
3926
3930
3931
3932
3933
3934
3935
3939
3942
3944
3945
3948
3949
3950
3953
3954
3955
3957
3965
3969
3970
3972
3976
3979
3982
3985
3987
3990
3992
3993
3995
3999
4000
4001
4002
4003
4005
4006
4008
4011
4012
4015
4019
4020
4022
4025
4026
4029
4032
4033
4034
4036
4037
4041
4042
4044
4048
4050
4052
4053
4054
4055
4058
4059
4060
4064
4065
4066
4067
4072
4073
4074
4076
4078
4080
4081
4083
4085
4087
4088
4089
4090
4094
4096
4098
4099
4100
4101
4105
4106
4108
4109
4110
4111
4113
4114
4115
4116
4118
4123
4124
4127
4131
4133
4135
4136
4137
4138
4140
4141
4144
4147
4148
4149
4153
4158
4159
4161
4164
4165
4166
4170
4171
4177
4180
4181
4183
4185
4186
4188
4191
4194
4196
4197
4198
4200
4201
4202
4203
4205
4208
4209
4215
4216
4217
4218
4222
4223
4226
4228
4231
4232
4235
4239
4244
4246
4248
4249
4250
4252
4254
4259
4261
4263
4264
4266
4267
4268
4270
4271
4273
4275
4276
4278
4280
4282
4283
4286
4287
4291
4292
4294
4296
4297
4298
4299
4300
4301
4304
4308
4312
4313
4318
4320
4323
4324
4325
4328
4330
4331
4334
4338
4341
4342
4343
4344
4348
4349
4352
4353
4355
4356
4358
4360
4361
4362
4369
4370
4371
4372
4374
4375
4377
4380
4383
4386
4389
4390
4393
4394
4395
4396
4400
4401
4402
4403
4404
4405
4406
4408
4410
4413
4415
4418
4419
4420
4421
4422
4423
4430
4433
4435
4437
4438
4440
4442
4445
4446
4450
4458
4461
4462
4463
4464
4467
4468
4470
4471
4475
4480
4481
4483
4484
4485
4486
4487
4489
4491
4495
4496
4499
4502
4503
4505
4506
4507
4509
4510
4513
4517
4518
4519
4522
4523
4524
4525
4526
4528
4532
4534
4536
4538
4539
4540
4542
4543
4544
4545
4547
4549
4551
4553
4556
4558
4559
4560
4561
4564
4568
4569
4574
4579
4581
4587
4588
4592
4593
4595
4597
4599
4601
4602
4604
4606
4607
4608
4609
4616
4617
4619
4620
4622
4623
4624
4625
4627
4629
4630
4631
4632
4635
4637
4639
4647
4654
4655
4657
4658
4660
4662
4663
4667
4670
4672
4673
4676
4678
4680
4681
4683
4687
4688
4690
4692
4695
4697
4698
4699
4702
4705
4706
4708
4709
4710
4711
4713
4716
4718
4720
4723
4724
4726
4728
4730
4731
4732
4733
4734
4737
4740
4745
4746
4747
4748
4750
4752
4756
4757
4760
4765
4766
4767
4768
4769
4770
4771
4775
4779
4782
4785
4789
4790
4795
4796
4797
4798
4799
4803
4807
4808
4809
4810
4811
4812
4813
4814
4815
4816
4819
4821
4824
4829
4830
4831
4832
4834
4835
4836
4838
4839
4843
4849
4850
4854
4855
4858
4860
4861
4862
4865
4867
4872
4873
4874
4875
4876
4878
4879
4880
4881
4882
4884
4886
4887
4892
4894
4896
4902
4903
4905
4906
4907
4909
4911
4913
4915
4916
4917
4918
4919
4920
4922
4926
4927
4928
4929
4933
4934
4935
4936
4937
4938
4940
4941
4942
4943
4944
4949
4956
4959
4961
4963
4964
4967
4968
4969
4970
4971
4974
4980
4983
4985
4986
4987
4988
4989
4990
4991
4992
4993
5000
5001
5002
5004
5006
5009
5012
5013
5014
5015
5016
5017
5018
5022
5026
5031
5033
5034
5037
5038
5039
5040
5043
5044
5045
5047
5048
5050
5051
5053
5054
5055
5057
5058
5059
5060
5064
5066
5067
5069
5072
5073
5075
5077
5079
5081
5082
5086
5088
5089
5090
5094
5096
5102
5103
5104
5105
5106
5107
5109
5110
5112
5113
5116
5118
5120
5122
5128
5131
5133
5134
5137
5138
5140
5141
5142
5145
5146
5147
5149
5150
5156
5160
5161
5163
5164
5165
5170
5171
5172
5173
5176
5177
5179
5180
5183
5184
5186
5188
5189
5190
5191
5193
5194
5195
5196
5200
5201
5203
5205
5206
5209
5211
5213
5215
5217
5219
5220
5223
5225
5227
5231
5232
5233
5237
5240
5241
5242
5243
5244
5247
5249
5250
5251
5252
5253
5254
5255
5265
5267
5268
5269
5270
5271
5277
5280
5281
5282
5283
5287
5289
5292
5293
5295
5296
5297
5299
5300
5302
5305

