450 Wall
'1 0.0 '
9671
9802
9825
12077
12578
19658
20242
20329
8097
9676
9689
9727
9761
9781
9850
12927
13639
13834
14148
14583
16595
18918
9165
9670
9672
9711
9739
9786
9810
11523
11674
11807
14552
17076
17527
17937
9362
9679
9704
9708
9713
9728
9737
10279
13799
15367
16046
17775
18142
19289
9154
9694
9697
9778
9797
9804
9849
10018
10835
11487
12962
13040
13336
16339
7463
9664
9680
9718
9731
9768
9782
10137
12099
12886
14288
15791
16638
18844
6047
9681
9691
9703
9736
9767
9852
10652
11660
13582
15672
17283
17354
19643
5909
9678
9720
9745
9790
9827
9834
10329
10602
14431
15289
17718
17948
18343
7809
9662
9674
9749
9805
9821
9838
10606
12559
13668
14906
16351
16906
17333
8625
9699
9721
9753
9766
9775
9828
10229
11561
12067
12251
16250
16392
18498
7970
9729
9747
9772
9796
9815
9822
10777
13111
14004
14949
17703
17953
18754
6206
9710
9792
9793
9817
9846
9851
10351
12610
16308
17489
18471
18744
18767
6965
9668
9715
9730
9759
9791
9819
13796
15726
17688
17856
18875
19121
19366
7703
9661
9695
9702
9738
9763
9801
10845
11507
12357
12576
13080
13868
17003
6415
9669
9682
9684
9716
9803
9812
10920
10949
11306
13133
14615
17465
18743
5287
9693
9741
9787
9798
9811
9814
10138
10493
10686
12224
12381
14206
14345
6174
9479
9610
9633
9707
9733
9807
11878
13501
14093
14474
15449
17439
19209
3840
9484
9497
9535
9569
9589
9658
9992
11514
13973
14249
14769
16497
17131
3155
9478
9480
9519
9547
9594
9618
13723
15693
16077
16430
17588
17928
18125
3787
9487
9512
9516
9521
9536
9545
11934
13540
15567
16784
17486
18504
18742
4555
9502
9505
9586
9605
9612
9657
12119
12890
14045
17485
17875
18533
19226
2896
9472
9488
9526
9539
9576
9590
10487
11446
11858
12316
13670
15166
19785
3973
9489
9499
9511
9544
9575
9660
11868
15171
15757
16852
18126
19100
19727
2873
9486
9528
9553
9598
9635
9642
10300
10308
11293
13268
15033
16183
17943
3752
9470
9482
9557
9613
9629
9646
11352
11521
11925
13798
13887
19333
19575
1717
9507
9529
9561
9574
9583
9636
11200
11249
13058
13343
14515
18892
19229
1579
9537
9555
9580
9604
9623
9630
13861
13977
14137
15972
18726
18894
19504
1704
9518
9600
9601
9625
9654
9659
11782
15042
15296
16828
17523
18626
18983
1365
9476
9523
9538
9567
9599
9627
11719
11893
12739
14130
14994
17041
18467
233
9469
9503
9510
9546
9571
9609
12295
12531
13170
13695
16175
18200
19145
383
9477
9490
9492
9524
9611
9620
10359
10740
11922
12911
13201
14653
19110
2
9501
9549
9595
9606
9619
9622
10126
10733
10927
11971
12428
12906
15837
9515
9541
9615
14868
15588
18038
19933
20018
