448 Wall
'1 0.0'
1
9504
9563
9577
9585
9631
9643
11931
11977
13989
14412
15110
18991
19180
3
9483
9508
9591
9593
9607
9634
12001
13547
14621
15433
16983
18240
19073
385
9473
9532
9552
9578
9628
9647
11414
12533
13541
14003
14658
18413
18778
368
9506
9520
9556
9558
9587
9655
12250
13587
13890
14403
14735
15370
17496
1291
9493
9517
9527
9572
9579
9602
10692
11814
12020
13296
14376
15280
16217
1644
9496
9531
9542
9543
9566
9573
11248
13473
14450
15311
18207
18438
19217
1427
9592
9616
9639
9645
9648
9649
11460
12412
13362
14430
18121
19038
19122
1461
9494
9498
9525
9564
9570
9582
13376
14557
17360
18432
18536
18722
18756
3673
9530
9533
9550
9565
9621
9652
11121
14378
15274
15423
15626
16717
17105
2823
9540
9548
9551
9554
9581
9626
10419
11728
12144
13348
15257
17653
19362
2623
9475
9514
9588
9637
9640
9651
11403
14105
14442
16465
16778
17159
17897
2655
9481
9491
9495
9522
9559
9597
12706
13134
13179
14163
16377
16841
18735
3159
9471
9509
9568
9596
9617
9650
11382
11991
13303
13779
15764
16272
18933
4560
9474
9485
9500
9603
9624
9653
10735
10806
15003
16040
16464
16585
19572
3609
9513
9534
9560
9562
9608
9638
11861
13857
14080
14333
14354
17994
18044
2570
9584
9614
9632
9641
9644
9656
11964
16660
16804
16899
17197
17891
19597
8457
9696
9755
9769
9777
9823
9835
11445
13474
17894
18257
18847
19025
19052
7621
9675
9700
9783
9785
9799
9826
13162
16010
16650
17893
18998
19194
19746
7420
9665
9724
9744
9770
9820
9839
10842
10876
11652
12429
13966
18862
19098
5075
9698
9712
9748
9750
9779
9847
10343
11079
11337
12078
13178
13821
17962
7975
9685
9709
9719
9764
9771
9794
12819
13656
14065
14519
16373
17194
18328
6969
9688
9723
9734
9735
9758
9765
10406
16678
17206
17371
17888
18674
19820
6035
9784
9808
9831
9837
9840
9841
10472
11770
11834
13259
15178
17510
19688
7370
9686
9690
9717
9756
9762
9774
10725
13506
14943
15565
16142
19391
19434
8208
9722
9725
9742
9757
9813
9844
10311
12112
12472
14563
16967
19049
19377
7950
9732
9740
9743
9746
9773
9818
10770
13618
16579
17091
17144
18051
18820
6775
9667
9706
9780
9829
9832
9843
10145
11266
12356
12616
15478
16676
17960
7379
9673
9683
9687
9714
9751
9789
10834
12686
14220
15072
16357
17391
17781
9468
9663
9701
9760
9788
9809
9842
11319
11604
13148
14816
16729
17361
19353
8459
9666
9677
9692
9795
9816
9845
10450
11016
12248
12614
14865
17613
18887
8113
9705
9726
9752
9754
9800
9830
10750
10755
13160
13412
14153
18263
18731
9824
9833
9836
9848
10681
15089
18953
18995
7740
9776
9806
10571
11986
16072
