256 chans
'1 0.0'
9469
9477
9504
9506
9508
9515
9524
9538
9542
9546
9563
9566
9567
9572
9578
9587
9600
9602
9619
9622
9628
9634
9654
10733
11414
11814
11893
11922
12250
12428
13473
13989
14412
14450
14621
14868
14994
15296
16175
16217
16828
17496
18413
19073
19110
19145
9507
9525
9555
9561
9580
9648
9649
11249
12412
13362
13977
14515
18726
18756
9511
9528
9548
9554
9598
11728
12144
13268
16183
18126
9475
9481
9514
9539
9559
9575
9576
11868
12706
13179
15166
16465
17159
19785
9550
9557
9565
9613
11521
13887
15274
16717
9509
9512
9516
9568
9605
9657
11934
13779
16272
17486
17875
18533
9500
9513
9562
9594
9618
9653
10735
14333
14354
16077
16585
17588
9535
9569
14769
17131
9479
9696
9707
9755
14474
18257
19025
19209
9641
9644
17197
17891
9700
9811
9814
9826
12224
14206
16010
19194
9669
9716
9770
13133
18743
19098
9661
9738
9779
9820
10845
10876
13080
17962
9698
9730
9759
9764
9794
9846
12078
12610
16373
17194
17688
18875
9734
9747
9758
9772
9792
14949
16308
17888
17953
18674
9753
9840
9841
11834
12067
19688
9699
9717
9749
9774
12251
13506
13668
16142
9742
9757
9805
10311
16906
19377
9740
9746
17091
17144
9720
9790
15289
17718
9667
9703
9706
9767
10145
15672
17960
19643
9731
9768
10137
12886
9673
9751
9797
9849
13336
15072
16339
16357
9701
9760
11319
13148
9692
9704
9708
9845
13799
14865
16046
17613
9786
9810
11674
14552
9705
9727
9754
9761
12927
13412
13834
18731
9671
9833
9836
10681
15089
19658
9582
18722
