820 Symmetry100
' '
673
674
675
676
677
678
679
680
681
682
683
684
685
686
687
688
689
690
691
692
693
694
695
696
697
698
699
700
701
702
703
704
705
706
707
708
709
710
711
712
713
714
715
716
717
718
719
720
721
722
723
724
725
726
727
728
746
747
760
770
799
837
841
848
851
852
859
864
867
870
885
901
903
907
932
961
968
1016
1040
1042
1061
1066
1071
1093
1121
1146
1162
1165
1168
1188
1189
1194
1205
1208
1219
1226
1231
1241
1253
1305
1322
1323
1333
1338
1345
1349
1352
1353
1370
1376
1387
1396
1397
1404
1425
1471
1476
1479
1511
1514
1525
1542
1577
1596
1627
1637
1641
1643
1645
1652
1661
1664
1666
1701
1708
1722
1743
1744
1782
1792
1802
1809
1854
1880
1888
1890
1900
1912
1921
1926
1939
1965
1970
1976
1981
1986
1992
2008
2018
2021
2039
2040
2048
2052
2059
2106
2127
2139
2143
2154
2158
2159
2176
2177
2183
2193
2196
2206
2211
2220
2232
2243
2282
2286
2288
2315
2317
2330
2333
2336
2337
2344
2358
2380
2393
2401
2420
2446
2449
2455
2462
2466
2476
2477
2499
2501
2509
2516
2557
2561
2590
2594
2646
2653
2660
2685
2686
2690
2694
2699
2706
2736
2743
2767
2777
2804
2833
2834
2848
2853
2869
2876
2884
2962
2983
2986
2995
3004
3010
3020
3034
3042
3050
3071
3105
3165
3166
3184
3207
3224
3225
3228
3277
3282
3284
3286
3300
3302
3303
3330
3346
3367
3381
3382
3385
3386
3389
3413
3431
3453
3454
3463
3472
3476
3504
3509
3521
3549
3561
3570
3589
3595
3610
3620
3633
3662
3664
3677
3690
3704
3714
3781
3796
3814
3836
3841
3844
3850
3858
3864
3880
3893
3894
3914
3951
3956
3957
3993
3997
4000
4013
4033
4035
4039
4045
4048
4049
4050
4085
4096
4100
4108
4115
4129
4188
4195
4225
4239
4262
4264
4275
4308
4350
4362
4368
4375
4376
4383
4409
4414
4425
4428
4453
4476
4482
4484
4509
4519
4531
4550
4551
4556
4561
4563
4570
4579
4580
4594
4622
4629
4653
4654
4672
4679
4680
4692
4717
4721
4722
4737
4745
4753
4758
4771
4797
4816
4849
4896
4908
4910
4920
4921
4974
4995
5002
5011
5028
5044
5052
5070
5074
5080
5099
5121
5141
5148
5163
5174
5182
5183
5195
5197
5210
5238
5240
5268
5275
5276
5279
5280
617
618
619
620
621
622
623
624
625
626
627
628
629
630
631
632
633
634
635
636
637
638
639
640
641
642
643
644
645
646
647
648
649
650
651
652
653
654
655
656
657
658
659
660
661
662
663
664
665
666
667
668
669
670
671
672
749
782
791
796
806
823
827
840
849
850
860
862
876
879
886
896
898
906
926
931
944
946
953
993
997
1021
1028
1056
1059
1062
1065
1068
1072
1082
1101
1112
1131
1143
1152
1159
1229
1235
1240
1255
1268
1270
1314
1315
1330
1342
1390
1419
1436
1448
1457
1458
1459
1469
1500
1501
1507
1512
1516
1536
1547
1553
1557
1579
1588
1604
1613
1624
1669
1680
1696
1710
1712
1720
1728
1738
1745
1746
1761
1768
1772
1785
1803
1806
1812
1823
1835
1849
1850
1876
1887
1892
1894
1917
1927
1943
1973
1978
2024
2047
2055
2061
2077
2083
2112
2116
2118
2121
2192
2210
2225
2246
2264
2273
2279
2310
2316
2346
2353
2391
2396
2405
2409
2416
2419
2423
2424
2426
2440
2488
2489
2505
2517
2529
2543
2556
2567
2570
2578
2611
2615
2664
2676
2677
2701
2704
2708
2720
2737
2741
2750
2776
2784
2785
2788
2795
2797
2850
2855
2874
2878
2881
2886
2911
2919
2945
2965
2970
2979
2982
3005
3029
3037
3039
3085
3101
3113
3115
3130
3137
3143
3149
3153
3159
3163
3172
3177
3195
3204
3212
3230
3231
3234
3248
3257
3264
3275
3310
3317
3354
3364
3370
3383
3384
3394
3405
3406
3423
3436
3441
3445
3446
3451
3458
3465
3470
3483
3487
3532
3538
3550
3551
3560
3585
3630
3632
3663
3680
3691
3719
3754
3757
3760
3763
3769
3770
3808
3810
3830
3833
3853
3860
3865
3871
3887
3896
3898
3905
3945
3950
3958
3980
4006
4022
4044
4056
4082
4087
4091
4097
4098
4103
4104
4109
4138
4148
4154
4166
4172
4174
4175
4181
4223
4231
4234
4247
4250
4286
4289
4314
4325
4331
4334
4342
4352
4364
4397
4408
4411
4417
4427
4446
4451
4470
4514
4535
4548
4553
4577
4582
4600
4615
4618
4643
4649
4715
4729
4730
4734
4744
4759
4773
4798
4808
4838
4871
4874
4892
4898
4914
4931
4949
4954
4962
4970
4973
5038
5055
5058
5067
5097
5112
5126
5139
5142
5154
5156
5158
5164
5188
5192
5218
5221
5252
5262
5274
5277
5278
5281
5282
