2641 Symmetry001
' '
309
310
311
312
313
314
315
316
317
318
319
320
321
322
323
324
325
326
327
328
329
330
331
332
333
334
335
336
337
338
339
340
341
342
343
344
345
346
347
348
349
350
351
352
353
354
355
356
357
358
359
360
361
362
363
364
365
366
367
368
369
370
371
372
373
374
375
376
377
378
379
380
381
382
383
384
385
386
387
388
389
390
391
392
393
394
395
396
397
398
399
400
401
402
403
404
405
406
407
408
409
410
411
412
413
414
415
416
417
418
419
420
421
422
423
424
425
426
427
428
429
430
431
432
433
434
435
436
437
438
439
440
441
442
443
444
445
446
447
448
449
450
451
452
453
454
455
456
457
458
459
460
461
462
463
464
465
466
467
468
469
470
471
472
473
474
475
476
477
478
479
480
481
482
483
484
485
486
487
488
489
490
491
492
493
494
495
496
497
498
499
500
501
502
503
504
505
506
507
508
509
510
511
512
513
514
515
516
517
518
519
520
521
522
523
524
525
526
527
528
529
530
531
532
533
534
535
536
537
538
539
540
541
542
543
544
545
546
547
548
549
550
551
552
553
554
555
556
557
558
559
560
561
562
563
564
565
566
567
568
569
570
571
572
573
574
575
576
577
578
579
580
581
582
583
584
585
586
587
588
589
590
591
592
593
594
595
596
597
598
599
600
601
602
603
604
605
606
607
608
609
610
611
612
613
614
615
616
645
646
647
648
649
650
651
652
653
654
655
656
657
658
659
660
661
662
663
664
665
666
667
668
669
670
671
672
701
702
703
704
705
706
707
708
709
710
711
712
713
714
715
716
717
718
719
720
721
722
723
724
725
726
727
728
734
735
736
737
740
741
742
743
745
746
748
751
753
754
755
758
760
761
762
763
764
767
769
775
776
777
779
782
785
786
787
794
798
801
802
803
809
811
812
813
816
817
819
820
821
822
823
824
825
827
828
830
831
832
833
838
839
840
841
848
850
851
853
855
856
862
863
864
868
869
870
872
875
876
877
880
882
885
887
889
890
891
892
893
896
897
898
900
901
905
911
913
914
915
918
920
921
922
923
924
929
931
932
933
935
936
937
938
940
941
945
947
948
950
951
953
955
956
957
959
961
963
968
970
972
974
975
978
980
981
983
993
996
997
998
1002
1003
1004
1005
1007
1008
1009
1011
1012
1015
1017
1019
1020
1021
1022
1025
1029
1030
1031
1033
1034
1038
1057
1062
1063
1064
1066
1067
1069
1071
1072
1073
1075
1078
1080
1083
1084
1088
1089
1090
1091
1092
1095
1096
1099
1100
1101
1102
1103
1104
1107
1108
1109
1110
1111
1113
1115
1119
1121
1123
1124
1127
1128
1129
1130
1131
1135
1136
1137
1138
1141
1142
1145
1147
1148
1149
1150
1154
1157
1159
1163
1168
1170
1171
1173
1178
1184
1191
1192
1196
1198
1199
1200
1201
1202
1204
1205
1206
1207
1208
1209
1210
1211
1212
1213
1214
1215
1217
1218
1219
1222
1223
1224
1226
1228
1230
1233
1235
1238
1241
1242
1243
1244
1246
1248
1249
1250
1252
1253
1256
1257
1261
1262
1263
1266
1270
1273
1276
1277
1278
1279
1280
1281
1282
1286
1287
1288
1292
1293
1294
1295
1298
1299
1300
1301
1304
1310
1313
1314
1315
1316
1317
1319
1321
1324
1325
1327
1332
1334
1335
1336
1337
1338
1339
1340
1343
1347
1348
1350
1352
1356
1357
1358
1359
1360
1363
1365
1366
1373
1374
1376
1381
1384
1387
1388
1390
1391
1393
1394
1396
1397
1398
1399
1400
1401
1403
1404
1407
1408
1413
1417
1418
1420
1421
1422
1425
1427
1429
1430
1432
1433
1434
1437
1438
1442
1444
1450
1451
1452
1453
1454
1457
1459
1460
1461
1463
1464
1467
1470
1471
1472
1473
1475
1476
1477
1478
1480
1483
1484
1485
1488
1489
1490
1491
1492
1493
1496
1498
1501
1503
1504
1510
1511
1512
1513
1516
1518
1519
1520
1521
1524
1526
1527
1528
1532
1533
1537
1539
1540
1541
1542
1543
1547
1548
1549
1550
1553
1554
1555
1556
1562
1563
1564
1566
1570
1571
1572
1573
1575
1576
1578
1580
1581
1584
1586
1588
1589
1591
1592
1595
1597
1598
1604
1610
1611
1613
1618
1619
1621
1625
1626
1628
1629
1631
1634
1641
1642
1643
1644
1646
1648
1649
1652
1661
1663
1666
1671
1672
1673
1676
1678
1679
1682
1683
1684
1686
1687
1688
1689
1692
1693
1695
1696
1697
1699
1705
1707
1710
1711
1712
1714
1718
1719
1720
1721
1722
1728
1730
1733
1736
1738
1741
1744
1745
1747
1748
1749
1750
1751
1753
1756
1761
1762
1763
1764
1765
1767
1770
1771
1773
1774
1775
1776
1779
1782
1785
1786
1787
1788
1789
1793
1796
1799
1802
1803
1807
1808
1809
1810
1815
1819
1823
1826
1830
1831
1832
1833
1834
1835
1836
1837
1840
1842
1843
1844
1846
1850
1851
1854
1855
1856
1857
1871
1879
1881
1882
1883
1884
1888
1890
1892
1893
1894
1895
1898
1899
1902
1905
1906
1907
1908
1910
1911
1913
1914
1919
1920
1922
1925
1929
1932
1933
1934
1935
1937
1938
1939
1940
1941
1944
1945
1946
1947
1952
1953
1954
1955
1957
1960
1962
1963
1964
1966
1967
1971
1973
1974
1975
1977
1978
1979
1984
1986
1988
1989
1991
1992
2002
2009
2010
2012
2013
2014
2015
2019
2020
2021
2022
2023
2025
2026
2027
2029
2031
2032
2033
2034
2037
2039
2040
2042
2044
2048
2051
2053
2056
2057
2059
2060
2063
2068
2069
2070
2071
2072
2073
2076
2077
2078
2082
2084
2085
2086
2088
2089
2091
2096
2097
2098
2099
2101
2104
2111
2112
2113
2115
2116
2120
2122
2124
2126
2128
2129
2130
2132
2134
2135
2136
2137
2138
2140
2142
2143
2144
2147
2148
2152
2153
2155
2156
2158
2160
2162
2163
2164
2165
2167
2168
2170
2171
2173
2174
2177
2179
2181
2182
2186
2189
2192
2194
2195
2196
2203
2206
2207
2208
2210
2212
2214
2215
2218
2219
2220
2223
2226
2227
2229
2232
2234
2236
2239
2240
2247
2248
2252
2256
2257
2258
2261
2263
2265
2266
2267
2269
2270
2273
2275
2277
2278
2281
2282
2283
2285
2286
2287
2289
2291
2292
2293
2295
2296
2297
2299
2300
2301
2302
2303
2304
2305
2306
2308
2309
2310
2313
2315
2322
2323
2324
2325
2326
2328
2329
2333
2334
2335
2336
2340
2341
2342
2343
2346
2347
2350
2351
2353
2355
2356
2362
2363
2367
2368
2369
2371
2373
2375
2377
2378
2379
2383
2384
2385
2388
2391
2395
2400
2403
2405
2406
2408
2409
2412
2419
2421
2422
2423
2428
2432
2434
2437
2441
2442
2444
2445
2447
2448
2449
2451
2455
2456
2457
2458
2459
2461
2462
2463
2465
2473
2474
2475
2477
2479
2482
2487
2490
2491
2492
2493
2494
2495
2496
2497
2499
2500
2501
2502
2504
2505
2507
2508
2513
2514
2517
2518
2521
2523
2524
2529
2532
2533
2535
2537
2539
2543
2544
2545
2549
2550
2551
2552
2553
2554
2555
2557
2559
2561
2566
2567
2568
2571
2573
2575
2576
2578
2579
2582
2583
2584
2585
2587
2593
2594
2597
2599
2601
2602
2603
2604
2606
2612
2613
2614
2615
2617
2621
2627
2628
2630
2633
2636
2637
2638
2639
2640
2641
2643
2644
2647
2648
2649
2651
2657
2659
2661
2663
2664
2665
2668
2672
2673
2675
2676
2677
2680
2681
2682
2683
2686
2689
2694
2697
2699
2704
2705
2706
2707
2709
2710
2711
2712
2714
2715
2717
2718
2721
2725
2727
2728
2730
2734
2735
2736
2737
2738
2739
2740
2741
2742
2744
2745
2746
2747
2748
2750
2753
2754
2755
2756
2759
2761
2765
2767
2771
2772
2773
2774
2775
2776
2777
2778
2779
2781
2783
2787
2788
2789
2790
2791
2797
2801
2803
2807
2808
2810
2812
2813
2819
2821
2823
2827
2828
2829
2835
2836
2840
2841
2842
2843
2846
2847
2851
2852
2853
2854
2856
2857
2858
2859
2860
2862
2863
2866
2867
2868
2869
2870
2873
2875
2878
2879
2883
2884
2888
2889
2890
2891
2892
2894
2898
2900
2902
2906
2907
2908
2916
2917
2919
2920
2923
2924
2926
2927
2930
2932
2933
2939
2940
2941
2942
2943
2944
2945
2947
2950
2953
2954
2955
2956
2957
2958
2959
2964
2965
2966
2969
2971
2973
2974
2976
2977
2978
2982
2986
2988
2990
2991
2992
2993
2995
2997
2999
3005
3007
3010
3014
3018
3019
3020
3023
3026
3028
3029
3030
3032
3034
3035
3036
3039
3040
3041
3044
3045
3046
3047
3049
3050
3051
3054
3055
3059
3060
3066
3067
3069
3072
3073
3074
3076
3077
3078
3080
3082
3089
3091
3095
3097
3099
3105
3106
3107
3108
3109
3113
3115
3116
3117
3121
3123
3132
3133
3134
3135
3139
3142
3143
3144
3150
3154
3155
3156
3157
3159
3165
3170
3171
3172
3174
3175
3177
3181
3182
3183
3185
3186
3187
3188
3190
3192
3196
3197
3198
3199
3201
3202
3204
3205
3206
3209
3210
3211
3213
3215
3216
3217
3221
3222
3223
3225
3227
3230
3231
3232
3236
3237
3238
3239
3240
3241
3244
3245
3249
3250
3252
3253
3256
3259
3260
3261
3265
3266
3268
3270
3271
3273
3274
3275
3277
3278
3281
3284
3285
3286
3289
3292
3294
3302
3303
3304
3306
3307
3308
3309
3314
3315
3316
3319
3323
3324
3328
3330
3331
3333
3334
3338
3339
3340
3341
3343
3346
3351
3353
3354
3358
3361
3363
3364
3365
3366
3367
3369
3370
3376
3382
3383
3389
3390
3393
3394
3395
3398
3399
3400
3401
3403
3405
3407
3409
3410
3412
3413
3414
3416
3418
3419
3420
3421
3422
3424
3426
3427
3428
3429
3430
3432
3433
3434
3435
3436
3439
3442
3443
3444
3447
3449
3450
3452
3456
3458
3459
3460
3462
3463
3464
3465
3470
3473
3475
3476
3479
3482
3484
3486
3488
3490
3491
3493
3494
3496
3499
3502
3506
3507
3510
3512
3513
3514
3515
3518
3524
3525
3527
3528
3531
3532
3534
3535
3536
3538
3539
3541
3549
3550
3551
3553
3554
3555
3557
3562
3566
3568
3569
3571
3573
3574
3575
3579
3580
3585
3587
3589
3590
3592
3593
3594
3595
3596
3597
3598
3599
3600
3603
3604
3605
3606
3607
3609
3610
3611
3613
3614
3615
3616
3617
3618
3619
3622
3626
3627
3630
3632
3637
3638
3639
3640
3641
3643
3651
3653
3657
3658
3659
3660
3662
3663
3666
3667
3670
3672
3677
3681
3682
3686
3688
3689
3690
3695
3696
3697
3698
3701
3707
3708
3710
3712
3713
3714
3715
3717
3719
3720
3722
3725
3730
3731
3733
3735
3736
3739
3741
3744
3745
3747
3748
3749
3751
3754
3755
3756
3758
3759
3760
3761
3762
3763
3769
3771
3772
3777
3778
3779
3780
3781
3785
3786
3790
3791
3795
3796
3797
3798
3799
3802
3803
3804
3805
3806
3807
3810
3811
3813
3814
3815
3816
3817
3819
3823
3825
3826
3827
3828
3829
3832
3837
3840
3844
3845
3847
3848
3849
3851
3852
3856
3858
3860
3862
3867
3868
3869
3873
3875
3876
3878
3880
3881
3882
3883
3884
3885
3886
3888
3889
3890
3891
3893
3894
3895
3897
3898
3901
3902
3905
3907
3908
3909
3910
3913
3914
3915
3917
3918
3919
3921
3925
3926
3928
3930
3933
3934
3935
3936
3937
3939
3940
3941
3942
3944
3945
3946
3948
3950
3952
3954
3955
3957
3959
3969
3974
3975
3976
3982
3985
3986
3987
3988
3989
3992
3993
3997
3999
4000
4002
4005
4006
4009
4010
4012
4014
4017
4018
4019
4023
4024
4025
4032
4034
4035
4036
4038
4039
4041
4044
4045
4048
4050
4051
4054
4056
4058
4063
4064
4066
4067
4068
4070
4071
4072
4077
4079
4081
4083
4087
4089
4091
4094
4097
4099
4100
4101
4103
4104
4107
4108
4115
4116
4117
4121
4125
4126
4127
4130
4132
4133
4136
4137
4139
4140
4141
4142
4144
4154
4157
4158
4159
4160
4161
4163
4174
4176
4177
4180
4182
4185
4186
4188
4189
4193
4195
4196
4198
4199
4201
4202
4203
4204
4206
4209
4210
4215
4216
4217
4218
4219
4223
4226
4230
4232
4234
4236
4237
4238
4242
4245
4246
4249
4250
4252
4254
4255
4260
4261
4262
4264
4265
4266
4267
4269
4270
4272
4273
4276
4277
4281
4285
4286
4288
4290
4293
4294
4295
4298
4300
4301
4303
4304
4308
4311
4317
4321
4323
4324
4326
4327
4330
4332
4333
4334
4336
4342
4344
4345
4347
4351
4355
4357
4358
4360
4361
4363
4364
4365
4366
4367
4368
4371
4374
4375
4378
4379
4380
4382
4383
4384
4385
4386
4388
4389
4390
4394
4398
4402
4403
4405
4406
4408
4412
4414
4415
4416
4420
4422
4423
4424
4426
4427
4429
4430
4431
4433
4441
4442
4443
4444
4445
4449
4451
4452
4455
4456
4457
4458
4459
4460
4462
4464
4466
4467
4468
4469
4478
4480
4481
4483
4485
4486
4487
4488
4489
4491
4493
4494
4495
4496
4498
4499
4500
4501
4502
4503
4504
4508
4509
4512
4513
4517
4518
4521
4522
4523
4525
4526
4529
4530
4531
4532
4536
4538
4539
4541
4542
4543
4544
4545
4549
4551
4552
4554
4555
4557
4561
4562
4567
4568
4570
4571
4573
4574
4575
4576
4581
4582
4585
4586
4587
4592
4593
4594
4595
4597
4599
4601
4602
4604
4606
4612
4613
4615
4623
4627
4632
4634
4635
4637
4638
4639
4640
4641
4644
4645
4646
4649
4650
4652
4654
4655
4657
4658
4659
4661
4664
4665
4666
4668
4669
4670
4671
4672
4673
4674
4675
4677
4678
4679
4681
4683
4685
4688
4690
4692
4694
4695
4696
4697
4699
4700
4701
4702
4704
4706
4708
4710
4711
4713
4716
4717
4718
4719
4721
4722
4723
4727
4729
4730
4731
4733
4735
4737
4740
4742
4745
4747
4749
4750
4751
4760
4761
4763
4765
4766
4773
4774
4777
4778
4779
4781
4783
4784
4785
4786
4794
4795
4796
4799
4805
4806
4809
4810
4816
4817
4818
4820
4822
4823
4824
4826
4827
4829
4831
4833
4834
4835
4837
4838
4839
4844
4848
4850
4852
4854
4855
4857
4860
4861
4862
4863
4864
4865
4867
4868
4870
4871
4873
4874
4879
4880
4882
4886
4888
4891
4895
4896
4898
4899
4901
4902
4905
4906
4909
4911
4913
4920
4923
4924
4925
4929
4931
4933
4936
4937
4938
4939
4940
4943
4944
4947
4949
4952
4953
4957
4963
4967
4968
4969
4971
4972
4973
4980
4982
4983
4988
4993
4994
4995
4996
4998
5001
5002
5003
5004
5005
5006
5007
5008
5009
5013
5014
5018
5019
5021
5022
5024
5025
5027
5028
5031
5034
5038
5041
5046
5048
5051
5052
5055
5059
5061
5062
5064
5066
5069
5070
5071
5073
5076
5081
5083
5085
5090
5093
5094
5095
5096
5097
5098
5100
5106
5107
5108
5109
5111
5112
5120
5122
5123
5124
5126
5129
5131
5134
5135
5136
5138
5139
5140
5143
5145
5152
5155
5158
5164
5165
5166
5170
5172
5174
5179
5180
5181
5183
5184
5188
5189
5192
5194
5195
5200
5202
5205
5206
5207
5209
5210
5211
5212
5213
5214
5216
5218
5220
5224
5225
5227
5230
5234
5235
5236
5238
5240
5245
5246
5247
5249
5252
5253
5254
5255
5259
5264
5271
5273
5274
5276
5277
5279
5282

