421 Inflow1
' '
1
2
3
4
5
8
9
12
13
17
18
21
22
27
28
29
30
33
34
38
39
46
47
48
49
51
52
60
61
68
69
70
71
72
80
81
85
86
88
89
91
105
106
107
110
111
113
114
123
124
133
139
140
142
143
144
151
152
160
161
166
167
174
176
185
186
189
191
194
195
203
204
206
207
219
220
232
233
239
240
242
1385
1386
1389
1390
1391
1392
1395
1396
1397
1400
1401
1403
1405
1407
1409
1412
1425
1426
1428
1430
1431
1434
1436
1451
1453
1454
1456
1486
1487
1489
1490
1491
1492
1493
1500
1501
1502
1504
1505
1507
1529
1531
1532
1534
1535
1537
1538
1539
1540
1542
1543
1545
1570
1571
1573
1575
1576
1608
1609
1611
1613
1615
1617
1648
1650
1651
1653
1654
1655
1657
1659
1660
1662
1670
1672
1673
1675
1678
1680
1681
1736
1737
1738
1741
1743
1744
1746
1787
1788
1789
1791
1792
1793
1795
1798
1800
1801
1803
1847
1848
1850
1851
1852
1853
1855
1856
1874
1875
1877
1879
1880
1882
1895
1898
1909
1910
1913
1914
1998
1999
2000
2002
2004
2005
2007
2009
2010
2012
2014
2028
2029
2031
2032
2033
2035
2036
2049
2051
2108
2110
2111
2114
2115
2117
2167
2168
2170
2171
2172
2217
2220
2225
2226
2228
2229
2230
2231
2233
2236
2237
2239
2271
2272
2274
2275
2276
2278
2279
2281
2330
2332
2333
2336
2338
2339
2375
2377
2417
2418
2420
2430
2431
2433
2483
2485
2502
2504
2505
2519
2521
2522
2538
2540
2541
2543
2544
2546
2584
2586
2587
2589
2591
2597
2599
2667
2669
2725
2727
2758
2760
9046
9048
9051
9055
9059
9062
9064
9070
9075
9080
9085
9107
9110
9114
9116
9125
9150
9153
9211
9214
9216
9217
9218
9225
9226
9229
9232
9265
9268
9271
9275
9276
9278
9282
9285
9335
9337
9342
9405
9409
9414
9419
9460
9463
9465
9468
9472
9474
9489
9494
9497
9504
9507
9603
9606
9611
9616
9619
9686
9687
9691
9692
9694
9702
9776
9778
9782
9783
9786
9789
9813
9817
9820
9823
9871
9873
9879
10015
10016
10018
10023
10026
10030
10032
10035
10063
10065
10068
10071
10075
10196
10200
10205
10209
10287
10289
10291
10296
10387
10389
10391
10394
10399
10403
10406
10452
10454
10456
10460
10463
10465
10550
10554
10560
10563
10691
10694
10711
10714
10825
10829
10856
10859
10885
10888
10891
10893
10951
10953
10958
