421 Outflow
' '
1190
1193
1195
1206
1207
1211
1212
1214
1215
1219
1220
1230
1231
1236
1238
1242
1244
1245
1250
1251
1257
1258
1259
1260
1265
1273
1274
1275
1276
1281
1282
1287
1288
1291
1293
1295
1298
1299
1303
1304
1308
1309
1316
1317
1320
1321
1322
1323
1325
1326
1330
1335
1336
1338
1339
1340
1341
1348
1349
1350
1351
1354
1355
1356
1362
1363
1364
1365
1368
1369
1370
1371
1374
1375
1378
1379
1380
1381
1382
1383
1384
8144
8145
8146
8147
8159
8160
8161
8171
8172
8173
8237
8238
8239
8240
8241
8242
8266
8267
8268
8269
8270
8271
8280
8281
8282
8283
8284
8285
8304
8305
8306
8307
8308
8361
8362
8363
8364
8392
8393
8394
8400
8401
8402
8419
8420
8421
8426
8427
8428
8429
8430
8431
8460
8461
8462
8463
8464
8502
8503
8504
8505
8506
8507
8508
8509
8510
8511
8534
8535
8536
8537
8589
8590
8591
8592
8593
8594
8595
8596
8597
8598
8599
8600
8626
8627
8628
8629
8652
8653
8654
8655
8658
8659
8660
8673
8674
8676
8681
8682
8689
8690
8692
8693
8705
8706
8707
8708
8709
8710
8724
8725
8726
8727
8750
8751
8753
8754
8756
8787
8788
8790
8792
8793
8794
8796
8797
8806
8807
8808
8809
8810
8811
8812
8813
8815
8816
8817
8818
8830
8831
8833
8834
8854
8855
8857
8877
8878
8879
8881
8882
8883
8897
8898
8899
8900
8901
8902
8903
8904
8905
8942
8943
8944
8946
8947
8948
8950
8951
8952
8953
8954
8955
8956
8957
8964
8965
8966
8967
8968
8985
8986
8988
8989
8990
8992
8993
8994
8996
8998
8999
9001
9009
9010
9011
9013
9014
9016
9018
9019
9027
9028
9030
9031
9033
9040
9041
9042
9043
9044
9045
19519
19520
19521
19539
19540
19558
19559
19660
19661
19662
19663
19705
19706
19707
19708
19722
19723
19724
19725
19754
19755
19756
19838
19839
19887
19888
19896
19897
19921
19922
19928
19929
19930
19931
19979
19980
19981
20049
20050
20051
20052
20053
20054
20088
20089
20090
20179
20180
20181
20182
20183
20184
20185
20186
20227
20228
20261
20262
20264
20269
20270
20289
20292
20298
20308
20311
20313
20330
20331
20332
20333
20350
20351
20394
20397
20399
20443
20446
20450
20452
20454
20457
20466
20467
20468
20469
20470
20473
20474
20475
20498
20501
20535
20539
20564
20565
20568
20569
20597
20598
20599
20600
20601
20659
20660
20663
20664
20667
20668
20669
20670
20671
20672
20677
20678
20694
20696
20698
20701
20702
20705
20709
20713
20721
20724
20728
20731
20738
20740
20745
