4386 Wall
'2 0 0 '
1383
1384
9044
9045
9043
1381
9041
1379
9010
1369
8965
1355
1339
8898
1321
8809
1304
8727
1282
8629
1260
8511
1238
8402
1215
8285
1207
8242
1195
8173
1190
8146
1193
8147
1206
8161
1214
8239
1236
8282
1259
8394
1281
8509
1303
8627
1320
8725
1338
8807
1354
8897
1368
8964
1378
9009
1380
9040
1382
9042
113
140
166
2049
2220
2375
88
1895
1798
70
1650
1531
46
1453
27
2
1395
12
1
1389
3
1390
1400
13
1456
47
1534
28
71
1653
89
1800
114
1898
2051
139
167
2217
185
2377
207
2483
219
2599
233
2667
240
2727
242
2760
2758
239
2725
232
2669
220
2597
206
2485
186
6
7
10
11
14
19
20
23
24
25
26
35
40
41
42
43
44
50
56
57
58
59
65
73
77
78
82
83
84
96
97
98
99
100
102
103
104
115
118
121
122
129
130
131
146
147
148
149
150
153
155
165
168
170
172
173
178
179
181
188
192
198
199
201
202
205
211
212
213
214
216
217
222
223
225
226
227
228
230
231
236
237
238
241
243
244
245
246
247
249
253
254
255
256
258
259
265
268
271
272
279
280
281
285
286
287
289
290
291
292
293
294
299
300
302
307
309
314
318
319
320
322
323
324
326
327
328
329
331
337
341
349
350
353
354
355
356
357
358
359
361
363
366
371
372
376
378
381
383
384
387
388
390
391
393
394
395
396
397
403
407
410
411
412
413
415
416
418
423
427
428
429
430
433
436
437
438
439
440
441
443
444
446
447
459
460
461
462
464
465
466
467
469
470
471
472
473
474
475
477
478
481
482
486
488
495
496
497
498
500
501
502
503
505
506
507
508
511
512
513
515
516
518
520
523
527
528
530
531
532
533
534
535
537
538
539
540
542
543
544
545
547
548
550
551
554
555
556
557
559
562
563
565
566
568
570
571
572
573
575
583
584
585
586
587
589
590
591
593
594
596
600
601
603
605
608
609
610
611
612
613
615
616
617
618
619
620
622
623
624
629
631
636
639
640
641
645
646
647
649
650
651
652
656
657
658
660
661
662
664
665
666
668
675
678
679
683
684
687
688
689
690
691
693
694
695
696
698
699
703
704
705
706
712
713
714
716
718
720
722
723
724
726
731
732
733
734
738
740
741
743
744
745
746
747
748
749
750
760
761
763
764
766
767
768
769
770
771
772
774
775
776
777
780
782
783
784
785
786
788
794
795
797
798
799
800
809
811
815
816
817
818
819
820
821
822
823
824
826
828
830
831
834
835
837
838
839
840
841
842
843
844
845
846
847
849
850
851
856
857
858
860
861
862
863
864
867
868
869
871
872
875
876
877
878
879
880
881
882
885
887
889
890
891
892
896
897
898
899
900
902
906
907
908
910
911
913
914
915
916
917
918
919
920
921
922
923
925
928
929
933
934
935
936
937
938
939
940
942
943
945
946
947
948
949
952
953
957
958
960
961
962
965
966
970
971
973
974
975
976
977
978
979
980
982
983
984
985
986
987
989
990
991
992
993
994
995
996
999
1000
1002
1003
1007
1009
1010
1011
1012
1013
1014
1015
1016
1017
1018
1021
1022
1023
1024
1025
1027
1028
1029
1032
1033
1035
1036
1038
1040
1041
1042
1044
1045
1048
1049
1051
1052
1053
1054
1055
1056
1058
1059
1060
1062
1063
1064
1066
1069
1070
1072
1073
1083
1084
1085
1086
1088
1089
1091
1092
1093
1097
1098
1100
1101
1106
1107
1109
1112
1113
1114
1118
1123
1124
1125
1126
1127
1128
1129
1131
1134
1135
1141
1142
1144
1145
1149
1150
1153
1154
1155
1156
1162
1163
1167
1168
1169
1170
1174
1177
1178
1179
1180
1181
1183
1184
1185
1186
1199
1200
1202
1204
1216
1217
1221
1222
1224
1225
1228
1229
1233
1237
1239
1243
1247
1248
1255
1256
1262
1264
1268
1270
1271
1278
1279
1284
1285
1292
1294
1296
1300
1301
1302
1307
1311
1312
1314
1315
1318
1319
1328
1329
1331
1332
1333
1334
1344
1345
1346
1347
1352
1353
1357
1358
1359
1360
1361
1366
1367
1372
1373
1376
1377
1387
1388
1393
1394
1398
1399
1415
1416
1417
1418
1420
1421
1423
1438
1439
1440
1441
1444
1446
1447
1448
1452
1455
1457
1459
1461
1494
1495
1496
1497
1498
1510
1511
1512
1513
1515
1517
1518
1519
1521
1523
1524
1526
1528
1530
1533
1578
1580
1583
1584
1586
1621
1622
1623
1624
1626
1628
1629
1630
1632
1633
1637
1638
1639
1640
1641
1642
1649
1652
1664
1665
1666
1669
1719
1720
1721
1723
1724
1725
1726
1729
1730
1731
1732
1734
1735
1771
1772
1774
1797
1799
1804
1805
1831
1832
1833
1834
1835
1836
1859
1860
1861
1863
1865
1866
1868
1870
1871
1872
1873
1896
1897
1955
1956
1958
1959
1961
1962
1963
1964
1965
1966
1967
1968
1971
1973
1974
1986
1987
1988
1989
1990
1991
1992
1993
1994
1995
2048
2050
2052
2056
2057
2082
2084
2086
2100
2101
2102
2103
2104
2105
2107
2147
2148
2149
2150
2151
2152
2153
2154
2218
2219
2250
2251
2252
2253
2254
2255
2256
2259
2260
2262
2263
2265
2267
2268
2269
2270
2283
2284
2285
2295
2296
2297
2298
2370
2371
2373
2374
2376
2380
2381
2382
2383
2394
2395
2397
2410
2411
2412
2413
2414
2415
2416
2438
2439
2440
2441
2442
2443
2459
2460
2462
2463
2482
2484
2499
2500
2501
2526
2527
2528
2562
2563
2564
2565
2566
2567
2568
2578
2579
2580
2581
2582
2583
2593
2594
2595
2596
2598
2626
2627
2628
2629
2630
2631
2632
2633
2634
2635
2636
2637
2638
2648
2649
2650
2654
2655
2656
2666
2668
2678
2681
2682
2683
2685
2696
2698
2699
2701
2702
2703
2704
2705
2706
2707
2708
2709
2710
2711
2719
2720
2721
2722
2723
2724
2726
2746
2747
2748
2749
2750
2751
2752
2753
2754
2755
2756
2757
2759
2762
2764
2765
2766
2767
2768
2769
2770
2771
2772
2773
2774
2775
2776
2777
2787
2789
2792
2811
2812
2813
2814
2815
2816
2818
2819
2820
2821
2822
2823
2832
2833
2834
2835
2872
2873
2874
2875
2889
2890
2891
2906
2907
2908
2909
2911
2955
2957
2958
2959
2960
2962
2963
2964
2965
2966
2988
2989
2990
2991
2992
2993
2996
2997
2998
2999
3003
3011
3012
3013
3014
3016
3017
3018
3019
3020
3021
3025
3026
3027
3028
3029
3030
3062
3064
3065
3069
3070
3071
3078
3079
3080
3113
3115
3123
3124
3126
3157
3158
3159
3182
3183
3185
3186
3188
3189
3190
3191
3192
3193
3194
3205
3206
3207
3208
3209
3212
3214
3217
3218
3223
3224
3226
3227
3228
3230
3231
3234
3235
3236
3237
3239
3247
3249
3250
3292
3293
3315
3316
3365
3366
3368
3369
3371
3372
3375
3389
3391
3392
3393
3394
3395
3397
3398
3399
3400
3401
3403
3404
3405
3406
3408
3411
3412
3415
3417
3419
3421
3429
3430
3438
3439
3441
3442
3457
3459
3486
3487
3488
3490
3492
3493
3521
3522
3523
3524
3536
3537
3538
3552
3553
3555
3556
3564
3565
3567
3570
3571
3573
3574
3587
3589
3590
3592
3594
3605
3606
3608
3610
3612
3614
3620
3622
3624
3627
3628
3629
3630
3631
3632
3633
3634
3636
3637
3638
3640
3678
3682
3683
3710
3711
3713
3714
3732
3733
3735
3737
3738
3739
3741
3744
3745
3747
3749
3750
3752
3763
3765
3766
3767
3768
3769
3777
3779
3805
3807
3809
3810
3834
3835
3837
3838
3839
3841
3843
3844
3845
3847
3848
3849
3851
3866
3867
3869
3879
3880
3884
3885
3886
3888
3889
3891
3892
3895
3896
3897
3899
3900
3902
3903
3905
3906
3908
3914
3916
3917
3918
3920
3921
3935
3936
3937
3938
3940
3943
4030
4031
4033
4035
4036
4037
4039
4041
4043
4044
4046
4048
4051
4052
4054
4056
4067
4068
4069
4070
4071
4073
4074
4075
4076
4077
4078
4079
4089
4090
4092
4093
4094
4096
4097
4098
4100
4101
4102
4103
4105
4106
4108
4109
4111
4112
4113
4114
4116
4117
4119
4121
4130
4131
4133
4134
4156
4157
4158
4159
4160
4161
4177
4179
4180
4190
4192
4193
4243
4244
4246
4247
4248
4249
4251
4252
4253
4255
4256
4257
4258
4259
4271
4272
4274
4276
4277
4279
4281
4282
4284
4286
4287
4288
4302
4303
4305
4306
4307
4309
4310
4312
4313
4315
4316
4318
4333
4335
4336
4337
4339
4340
4341
4342
4348
4349
4351
4352
4353
4355
4361
4363
4364
4377
4378
4381
4399
4401
4402
4430
4432
4434
4435
4436
4438
4440
4441
4447
4448
4449
4451
4453
4454
4455
4457
4459
4460
4462
4464
4465
4466
4467
4468
4470
4473
4474
4475
4483
4484
4487
4488
4489
4491
4493
4494
4497
4499
4500
4502
4510
4512
4513
4514
4515
4517
4518
4519
4521
4522
4524
4525
4527
4528
4537
4538
4539
4541
4544
4545
4546
4556
4557
4560
4561
4585
4586
4588
4589
4591
4593
4594
4596
4597
4599
4601
4611
4613
4632
4633
4635
4636
4638
4639
4641
4642
4651
4654
4655
4656
4659
4660
4666
4669
4670
4671
4679
4680
4683
4687
4688
4689
4690
4692
4694
4695
4698
4710
4711
4713
4775
4776
4778
4780
4781
4783
4785
4787
4789
4791
4792
4793
4796
4797
4799
4800
4801
4802
4813
4814
4818
4819
4821
4822
4823
4824
4826
4827
4833
4834
4835
4836
4837
4838
4850
4851
4856
4875
4876
4877
4880
4881
4882
4893
4894
4895
4906
4907
4908
4926
4927
4929
4931
4932
4933
4935
4937
4938
4939
4942
4943
4946
4947
4949
4950
4951
4953
4962
4964
4965
4966
4967
4968
4970
4971
4972
4973
4974
4975
4977
4978
4979
4981
4984
4987
4988
4989
4990
4992
5002
5003
5005
5008
5009
5011
5012
5043
5044
5056
5057
5092
5094
5096
5112
5114
5116
5118
5120
5121
5122
5124
5125
5151
5153
5154
5155
5156
5158
5160
5161
5162
5164
5175
5177
5178
5180
5181
5183
5185
5186
5187
5189
5190
5193
5194
5219
5220
5222
5223
5224
5225
5227
5228
5231
5234
5235
5242
5243
5245
5247
5248
5250
5252
5254
5255
5267
5268
5269
5270
5272
5273
5274
5275
5277
5290
5291
5292
5354
5355
5357
5378
5380
5381
5382
5383
5385
5405
5407
5408
5409
5410
5412
5435
5436
5438
5439
5440
5442
5443
5444
5446
5447
5449
5450
5451
5453
5455
5456
5457
5465
5466
5468
5469
5470
5472
5473
5474
5475
5476
5477
5479
5487
5488
5490
5491
5492
5493
5513
5515
5516
5517
5519
5520
5521
5522
5523
5524
5525
5526
5576
5577
5580
5581
5582
5583
5584
5585
5586
5593
5594
5595
5602
5603
5604
5613
5615
5619
5626
5627
5629
5630
5631
5632
5633
5635
5636
5638
5647
5648
5649
5650
5693
5694
5695
5696
5697
5699
5701
5702
5704
5705
5706
5707
5726
5727
5731
5741
5742
5743
5744
5745
5756
5757
5760
5761
5762
5763
5764
5765
5766
5767
5768
5769
5770
5771
5773
5774
5775
5776
5777
5778
5779
5781
5782
5784
5785
5786
5851
5852
5854
5855
5856
5858
5866
5867
5868
5869
5870
5880
5881
5882
5883
5884
5885
5886
5887
5889
5890
5892
5893
5894
5898
5900
5901
5902
5904
5905
5907
5917
5918
5920
5921
5922
5924
5925
5927
5928
5929
5931
5932
5934
5935
5936
5938
5956
5957
5959
5973
5974
5976
5977
5978
5979
5980
5982
5983
5985
5986
5987
5988
5989
5991
5992
5993
6002
6003
6004
6048
6049
6050
6051
6052
6053
6062
6063
6064
6065
6066
6067
6069
6071
6072
6074
6137
6138
6149
6150
6177
6178
6179
6180
6181
6182
6183
6184
6185
6186
6187
6189
6190
6191
6192
6193
6194
6196
6197
6198
6200
6201
6202
6203
6204
6205
6206
6207
6208
6210
6217
6218
6220
6235
6236
6237
6246
6247
6249
6250
6251
6252
6277
6278
6279
6280
6281
6283
6293
6294
6295
6296
6297
6298
6299
6300
6302
6303
6304
6305
6306
6307
6308
6309
6310
6311
6312
6314
6315
6316
6317
6318
6319
6320
6321
6322
6323
6324
6325
6326
6328
6329
6330
6332
6333
6334
6340
6341
6342
6343
6344
6345
6346
6347
6381
6382
6383
6384
6385
6386
6387
6388
6389
6390
6391
6392
6393
6394
6402
6403
6404
6405
6409
6410
6412
6413
6415
6416
6417
6418
6419
6420
6437
6438
6439
6440
6441
6442
6443
6444
6458
6460
6461
6462
6463
6464
6487
6489
6490
6491
6492
6493
6494
6495
6496
6497
6498
6499
6500
6501
6502
6503
6504
6505
6506
6507
6508
6509
6511
6512
6513
6515
6534
6535
6536
6547
6550
6562
6563
6566
6567
6568
6570
6571
6573
6576
6577
6579
6604
6605
6606
6607
6608
6609
6610
6611
6612
6613
6614
6615
6616
6617
6625
6626
6644
6645
6646
6647
6649
6650
6651
6653
6663
6664
6665
6666
6667
6668
6677
6678
6679
6680
6681
6682
6683
6684
6685
6686
6687
6689
6690
6691
6693
6694
6695
6696
6698
6699
6700
6701
6702
6704
6705
6706
6707
6708
6709
6712
6713
6715
6716
6728
6729
6730
6745
6746
6747
6748
6749
6750
6774
6775
6776
6778
6779
6780
6782
6783
6785
6786
6787
6788
6789
6791
6793
6794
6795
6797
6798
6799
6800
6801
6803
6821
6822
6823
6824
6826
6827
6842
6843
6844
6845
6846
6847
6848
6849
6850
6851
6852
6866
6867
6868
6869
6870
6872
6902
6903
6905
6906
6907
6908
6920
6921
6922
6923
6924
6925
6926
6927
6946
6947
6948
6949
6950
6951
6979
6980
6981
6982
6983
6984
6993
6994
6995
6996
6997
6998
6999
7001
7003
7004
7005
7006
7007
7008
7009
7010
7011
7012
7013
7014
7015
7016
7017
7018
7027
7028
7029
7030
7031
7032
7034
7036
7038
7042
7043
7044
7048
7049
7050
7051
7052
7063
7064
7065
7066
7067
7068
7070
7071
7072
7073
7074
7075
7076
7077
7079
7080
7081
7082
7084
7085
7086
7088
7106
7107
7108
7109
7118
7119
7120
7121
7122
7123
7150
7151
7159
7160
7161
7162
7163
7164
7165
7166
7167
7168
7169
7170
7171
7172
7173
7174
7175
7176
7180
7181
7182
7184
7188
7189
7190
7191
7192
7193
7212
7214
7216
7218
7219
7220
7221
7222
7223
7224
7225
7226
7227
7228
7229
7234
7235
7236
7237
7238
7239
7240
7255
7256
7257
7258
7265
7266
7267
7269
7270
7271
7279
7280
7289
7290
7291
7292
7293
7294
7295
7296
7305
7306
7307
7308
7309
7310
7324
7325
7326
7327
7333
7334
7335
7336
7337
7340
7341
7342
7343
7344
7345
7346
7348
7349
7355
7356
7357
7359
7361
7363
7364
7371
7372
7373
7375
7376
7377
7379
7383
7384
7393
7394
7396
7415
7416
7417
7418
7419
7420
7430
7431
7433
7436
7437
7439
7508
7509
7511
7512
7514
7515
7517
7518
7521
7522
7526
7533
7534
7535
7536
7537
7538
7548
7549
7550
7552
7553
7555
7556
7558
7580
7581
7583
7584
7586
7587
7589
7597
7598
7601
7602
7603
7606
7637
7638
7640
7641
7642
7643
7652
7655
7656
7671
7672
7673
7675
7676
7678
7682
7683
7685
7711
7712
7715
7747
7749
7750
7751
7752
7753
7755
7756
7757
7760
7761
7762
7764
7765
7766
7768
7769
7770
7771
7773
7774
7775
7777
7789
7790
7792
7793
7810
7811
7814
7816
7817
7819
7856
7858
7859
7860
7861
7863
7870
7872
7873
7876
7877
7899
7900
7902
7905
7906
7908
7921
7922
7924
7926
7927
7929
7931
7932
7933
7934
7935
7937
7978
7979
7981
7982
7986
7988
7989
8006
8009
8010
8012
8015
8016
8019
8020
8022
8024
8027
8028
8029
8051
8052
8054
8070
8071
8073
8074
8075
8076
8078
8079
8080
8081
8082
8083
8086
8087
8099
8100
8103
8104
8105
8107
8109
8111
8113
8114
8117
8119
8120
8194
8196
8197
8199
8202
8203
8214
8215
8217
8226
8227
8229
8287
8288
8290
8291
8293
8294
8309
8310
8311
8312
8315
8316
8326
8328
8329
8331
8333
8334
8350
8351
8353
8355
8356
8357
8359
8374
8375
8376
8395
8396
8399
8403
8404
8406
8422
8424
8425
8441
8444
8445
8447
8450
8451
8495
8496
8498
8499
8500
8501
8519
8520
8530
8531
8533
8554
8555
8557
8570
8572
8573
8574
8576
8578
8609
8610
8612
8613
8614
8615
8617
8618
8636
8637
8639
8640
8641
8644
8677
8679
8680
8684
8686
8687
8694
8695
8697
8712
8713
8715
8716
8717
8719
8720
8721
8723
8748
8749
8761
8763
8764
8766
8767
8768
8773
8774
8776
8778
8779
8780
8781
8783
8785
8786
8798
8799
8801
8802
8803
8805
8846
8848
8849
8851
8852
8853
8860
8861
8864
8865
8866
8867
8868
8869
8870
8871
8872
8874
8876
8928
8929
8930
8931
8932
8933
8934
8936
8937
8938
8940
8941
8958
8959
8960
8961
8962
8963
8969
8970
8971
8972
8973
8974
8975
8977
8978
8980
8981
8982
8983
8984
9003
9004
9005
9006
9007
9008
9021
9022
9023
9024
9025
9026
9035
9036
9037
9038
9039
9052
9053
9054
9060
9061
9067
9068
9093
9095
9097
9100
9103
9129
9130
9132
9138
9142
9144
9151
9154
9156
9160
9219
9220
9221
9239
9240
9242
9246
9249
9251
9255
9259
9262
9266
9269
9347
9353
9358
9360
9427
9428
9430
9433
9436
9438
9440
9443
9449
9450
9451
9461
9464
9480
9481
9483
9587
9588
9590
9591
9593
9597
9598
9600
9602
9662
9664
9699
9700
9704
9753
9754
9755
9756
9795
9796
9800
9803
9807
9810
9811
9812
9850
9851
9957
9959
9961
9966
9967
9968
9969
9970
9978
9979
10002
10003
10004
10005
10006
10007
10010
10097
10098
10100
10108
10160
10165
10187
10188
10189
10191
10193
10258
10259
10260
10261
10262
10381
10382
10428
10429
10430
10431
10432
10439
10441
10445
10448
10450
10451
10470
10471
10491
10492
10493
10623
10625
10627
10628
10635
10636
10637
10659
10661
10686
10687
10688
10689
10690
10720
10721
10722
10723
10757
10759
10761
10793
10794
10822
10823
10865
10866
10922
10923
10924
10925
10926
10945
10946
10947
10948
10961
10962
10963
10964
11015
11016
11017
11018
11019
11020
11021
11022
11023
11042
11043
11050
11051
11069
11070
11084
11089
11091
11114
11116
11120
11121
11122
11123
11124
11125
11126
11127
11140
11141
11142
11143
11144
11177
11178
11179
11180
11181
11182
11183
11184
11185
11186
11190
11192
11193
11194
11195
11196
11197
11198
11217
11220
11254
11255
11256
11257
11260
11261
11262
11263
11279
11280
11344
11345
11346
11369
11370
11394
11395
11397
11476
11480
11481
11483
11486
11487
11488
11525
11526
11527
11528
11530
11533
11537
11542
11559
11560
11563
11565
11566
11567
11571
11577
11578
11579
11637
11640
11649
11650
11660
11661
11718
11734
11736
11793
11795
11832
11834
11838
11842
11843
11844
11845
11847
11868
11869
11870
11874
11879
11884
11890
11892
11894
11898
11901
11907
11908
11910
11925
11927
12002
12038
12120
12123
12126
12129
12132
12160
12163
12164
12165
12169
12170
12171
12173
12175
12178
12180
12187
12191
12198
12203
12215
12228
12230
12234
12260
12307
12308
12311
12314
12365
12366
12367
12390
12391
12413
12416
12419
12432
12434
12442
12444
12448
12470
12473
12477
12499
12502
12506
12511
12520
12523
12531
12532
12533
12534
12535
12538
12540
12542
12613
12620
12670
12673
12676
12709
12711
12717
12719
12721
12728
12731
12735
12737
12761
12762
12763
12764
12777
12819
12824
12827
12868
12870
12873
12876
12880
12881
12884
12886
12888
12914
12916
12933
12938
12943
12946
12949
12952
12955
12959
12961
12965
12968
12971
12974
12983
12986
12988
12991
13020
13021
13023
13027
13187
13189
13192
13195
13197
13200
13207
13209
13216
13222
13224
13227
13249
13250
13251
13253
13256
13257
13258
13259
13276
13278
13281
13284
13286
13289
13292
13293
13295
13297
13302
13305
13308
13309
13311
13315
13319
13334
13337
13379
13380
13381
13382
13405
13408
13427
13430
13522
13525
13527
13528
13531
13533
13536
13538
13539
13540
13562
13564
13569
13571
13576
13579
13583
13584
13611
13614
13616
13618
13621
13626
13628
13631
13657
13660
13662
13665
13666
13674
13677
13679
13681
13692
13695
13722
13726
13764
13767
13819
13823
13826
13828
13834
13836
13844
13845
13847
13852
13853
13856
13860
13862
13867
13868
13869
13871
13878
13879
13892
13894
13898
13900
13904
13909
13914
13917
13932
13935
13936
13938
13940
13943
13947
13949
13951
13953
13969
13971
13973
13983
13984
14000
14005
14054
14055
14058
14062
14065
14068
14072
14094
14131
14133
14135
14139
14141
14143
14161
14167
14168
14173
14183
14189
14190
14203
14208
14217
14218
14221
14225
14227
14253
14255
14371
14374
14378
14380
14386
14391
14397
14398
14400
14407
14409
14412
14413
14432
14438
14440
14442
14444
14446
14448
14457
14458
14459
14460
14483
14486
14524
14525
14532
14533
14552
14553
14573
14574
14606
14608
14611
14615
14617
14620
14624
14629
14634
14637
14639
14641
14659
14664
14665
14666
14668
14673
14674
14675
14676
14679
14681
14683
14693
14698
14699
14701
14720
14723
14729
14732
14784
14807
14871
14876
14905
14910
14915
14918
14920
14923
14974
14976
14977
14979
14984
14985
14987
15008
15009
15012
15015
15019
15020
15022
15026
15027
15075
15078
15081
15082
15084
15088
15095
15099
15109
15112
15116
15118
15124
15127
15149
15150
15152
15155
15156
15159
15186
15187
15307
15310
15352
15355
15356
15358
15392
15395
15396
15399
15447
15450
15452
15455
15457
15459
15463
15466
15468
15472
15475
15477
15489
15491
15494
15496
15498
15499
15500
15502
15517
15519
15521
15522
15555
15558
15560
15563
15564
15565
15566
15567
15659
15663
15666
15667
15668
15669
15680
15681
15692
15693
15709
15715
15731
15734
15736
15737
15738
15741
15743
15760
15761
15762
15848
15849
15850
15853
15857
15860
15861
15862
15893
15898
15919
15920
15921
15941
15944
15948
15949
15950
15951
15952
15953
15955
15956
15958
15959
15960
15962
15963
15966
15970
15971
16085
16087
16089
16092
16105
16106
16107
16125
16126
16127
16128
16129
16132
16135
16138
16142
16149
16150
16153
16156
16173
16175
16180
16181
16184
16187
16191
16192
16195
16197
16199
16201
16236
16239
16269
16272
16274
16275
16277
16280
16283
16285
16286
16288
16291
16292
16308
16309
16391
16392
16393
16395
16409
16410
16411
16413
16417
16420
16534
16555
16604
16605
16606
16607
16608
16609
16610
16612
16614
16615
16616
16618
16620
16622
16625
16626
16627
16628
16629
16632
16644
16647
16679
16680
16695
16698
16700
16701
16750
16751
16752
16754
16773
16774
16775
16776
16777
16778
16781
16782
16783
16784
16785
16786
16787
16788
16791
16792
16793
16794
16795
16796
16797
16798
16799
16802
16804
16807
16809
16817
16818
16819
16820
16821
16885
16886
16887
16888
16889
16890
16891
16892
16893
16894
16907
16908
16918
16920
16924
16926
16928
16929
16931
16960
16961
16962
16963
16964
16993
16996
16997
16998
17046
17051
17052
17053
17054
17055
17056
17057
17058
17059
17060
17061
17062
17063
17064
17067
17069
17072
17105
17106
17127
17152
17157
17159
17162
17164
17171
17174
17219
17220
17221
17222
17223
17224
17225
17226
17227
17240
17268
17269
17272
17274
17277
17296
17297
17298
17299
17315
17316
17317
17318
17319
17320
17321
17322
17325
17328
17330
17332
17335
17336
17337
17340
17342
17343
17344
17346
17351
17354
17376
17377
17403
17404
17405
17406
17448
17450
17454
17455
17458
17461
17463
17464
17466
17470
17472
17474
17477
17478
17480
17520
17521
17523
17525
17557
17558
17559
17560
17561
17562
17585
17586
17587
17590
17646
17649
17651
17652
17676
17677
17678
17679
17680
17715
17716
17717
17718
17772
17773
17774
17775
17791
17792
17793
17794
17796
17800
17802
17803
17804
17805
17806
17807
17808
17809
17810
17811
17827
17828
17829
17831
17833
17838
17852
17853
17860
17861
17862
17883
17884
17885
17886
17889
17890
17891
17892
17893
17896
17897
17900
17901
17903
17934
17935
17951
17952
17953
17954
18003
18016
18017
18018
18019
18020
18021
18022
18023
18024
18025
18026
18029
18036
18038
18048
18049
18050
18051
18089
18092
18095
18096
18097
18098
18099
18100
18101
18102
18108
18109
18110
18111
18135
18136
18146
18147
18150
18151
18164
18180
18181
18182
18183
18184
18200
18201
18202
18203
18226
18227
18235
18236
18237
18239
18244
18245
18246
18250
18256
18258
18261
18266
18270
18282
18284
18287
18289
18294
18301
18317
18318
18355
18356
18357
18358
18375
18377
18385
18389
18511
18514
18516
18518
18523
18528
18533
18547
18548
18549
18551
18566
18567
18570
18572
18575
18613
18615
18618
18623
18626
18640
18642
18648
18652
18709
18711
18713
18714
18731
18736
18762
18765
18767
18769
18779
18782
18831
18834
18893
18896
18897
18898
18901
18902
18904
18908
18910
18913
18915
18917
18920
18922
18925
18929
18951
18953
18955
18986
18988
18995
18998
19064
19067
19068
19071
19083
19086
19091
19128
19130
19138
19141
19162
19164
19169
19172
19176
19177
19178
19181
19254
19256
19263
19272
19274
19299
19305
19309
19316
19319
19321
19325
19332
19333
19372
19374
19403
19406
19408
19410
19412
19413
19414
19415
19420
19444
19447
19451
19454
19458
19464
19468
19476
19478
19593
19597
19601
19606
19626
19628
19643
19646
19729
19731
19734
19736
19757
19758
19761
19767
19785
19786
19794
19796
19822
19824
19826
19831
19834
19857
19859
19889
19892
19898
19901
19924
19927
19952
19953
19960
19965
20042
20045
20047
20048
20067
20084
20085
20121
20123
20151
20152
20154
20158
20203
20205
20207
20209
20211
20213
20237
20239
20241
20245
20294
20297
20302
20306
20314
20317
20336
20339
20341
20343
20346
20348
20393
20407
20410
20414
20415
20422
20424
20427
20431
20433
20435
20437
20442
20458
20461
20462
20464
20526
20529
20533
20534
20544
20547
20551
20552
20553
20554
20555
20557
20560
20645
20646
20647
20648
20650
20653
20655
20658
20673
20674
20675
20676
20679
20680
20681
20682
20684
20687
20691
20692
20693
20716
20717
20718
20719
20734
20735
20736
20737
20748
20749
20750
