408 Wall
'7 0.0 0.0 0.0 0.5 1.0 1.0 0.0'
252
283
314
345
376
407
438
469
500
531
562
593
624
655
686
717
748
779
810
841
872
903
934
965
996
1027
1058
1089
1120
1151
1182
1213
1244
1275
241
272
303
334
365
396
427
458
489
520
551
582
613
644
675
706
737
768
799
830
861
892
923
954
985
1016
1047
1078
1109
1140
1171
1202
1233
1264
257
288
319
350
381
412
443
474
505
536
567
598
629
660
691
722
753
784
815
846
877
908
939
970
1001
1032
1063
1094
1125
1156
1187
1218
1249
1280
242
273
304
335
366
397
428
459
490
521
552
583
614
645
676
707
738
769
800
831
862
893
924
955
986
1017
1048
1079
1110
1141
1172
1203
1234
1265
256
287
318
349
380
411
442
473
504
535
566
597
628
659
690
721
752
783
814
845
876
907
938
969
1000
1031
1062
1093
1124
1155
1186
1217
1248
1279
243
274
305
336
367
398
429
460
491
522
553
584
615
646
677
708
739
770
801
832
863
894
925
956
987
1018
1049
1080
1111
1142
1173
1204
1235
1266
255
286
317
348
379
410
441
472
503
534
565
596
627
658
689
720
751
782
813
844
875
906
937
968
999
1030
1061
1092
1123
1154
1185
1216
1247
1278
244
275
306
337
368
399
430
461
492
523
554
585
616
647
678
709
740
771
802
833
864
895
926
957
988
1019
1050
1081
1112
1143
1174
1205
1236
1267
254
285
316
347
378
409
440
471
502
533
564
595
626
657
688
719
750
781
812
843
874
905
936
967
998
1029
1060
1091
1122
1153
1184
1215
1246
1277
239
270
301
332
363
394
425
456
487
518
549
580
611
642
673
704
735
766
797
828
859
890
921
952
983
1014
1045
1076
1107
1138
1169
1200
1231
1262
253
284
315
346
377
408
439
470
501
532
563
594
625
656
687
718
749
780
811
842
873
904
935
966
997
1028
1059
1090
1121
1152
1183
1214
1245
1276
240
271
302
333
364
395
426
457
488
519
550
581
612
643
674
705
736
767
798
829
860
891
922
953
984
1015
1046
1077
1108
1139
1170
1201
1232
1263
