406 Symmetry100
' '
332
334
356
360
385
389
406
416
430
456
490
531
553
575
586
616
619
624
634
652
691
696
715
728
761
763
797
838
842
876
936
957
990
1099
1231
1232
1247
1262
1272
1295
1305
1456
1626
1627
1628
1629
1630
1631
1632
1715
1730
1809
1815
1862
1879
1919
1949
1950
1972
2050
2074
2143
2205
2273
2342
2354
2396
2421
2465
2475
2499
2516
2525
2526
2542
2628
2699
2719
2736
2771
2836
2958
2989
2991
3021
3033
3075
3116
3139
3185
3310
3324
3325
3326
3327
3328
3329
3330
3443
3502
3547
3553
3571
3614
3627
3652
3740
3763
3764
3785
3874
3875
3912
3921
3929
3934
3936
3941
4004
4075
4082
4087
4095
4107
4108
4113
4138
4146
4154
4165
4169
4230
4299
4307
4360
4391
4424
4460
4555
4576
4579
4714
4807
4818
4846
4876
4891
4998
5025
5099
5102
5117
5121
5126
5128
5154
5190
5198
5224
5229
5255
5273
5347
5440
5446
5464
5483
5523
5531
5567
5568
5683
5684
5716
5722
5745
5828
5873
5916
5955
5979
6008
6048
6079
6228
6245
6280
6365
6501
6517
6610
6611
6644
6651
6716
6733
6881
6888
6892
6893
6894
6895
6896
275
276
277
278
279
280
281
282
283
284
285
286
287
288
289
290
291
292
293
294
295
764
772
837
930
971
1000
1030
1077
1129
1225
1235
1256
1276
1290
1299
1308
1333
1343
1372
1461
1599
1612
1613
1614
1615
1616
1617
1618
1662
1665
1704
1711
1727
1774
1796
1818
1829
1904
1906
1940
1963
1997
2006
2099
2214
2230
2249
2268
2349
2388
2402
2434
2452
2483
2492
2612
2796
2812
2837
2850
2900
3010
3056
3086
3127
3169
3173
3189
3252
3259
3331
3332
3333
3334
3335
3336
3337
3440
3461
3468
3500
3506
3520
3521
3539
3573
3575
3598
3604
3611
3624
3626
3664
3681
3754
3786
3799
3804
3833
3863
3887
3980
4001
4019
4020
4023
4045
4065
4109
4143
4171
4238
4243
4259
4264
4390
4477
4485
4553
4568
4594
4665
4728
4761
4765
4778
4973
4986
5020
5028
5034
5045
5107
5130
5191
5197
5216
5271
5297
5343
5366
5393
5406
5469
5481
5539
5545
5585
5609
5740
5746
5753
5765
5783
5796
5839
5871
5896
6007
6161
6219
6233
6247
6320
6366
6389
6418
6547
6583
6606
6675
6705
6745
6782
6801
6884
6889
6897
6898
6899
6900
6901

