194 Symmetry010
' '
261
262
275
276
287
296
336
356
430
529
612
624
716
728
761
837
957
1057
1069
1256
1261
1293
1300
1599
1611
1614
1621
1629
1633
1634
1635
1636
3338
3339
3340
3341
3342
3343
3344
3345
3346
3347
3348
3349
3350
3351
3352
3353
3354
3355
3356
3357
3358
3359
3360
3361
3362
3363
3364
3365
3366
3367
3368
3369
3370
3371
3372
3373
3374
3375
3376
3377
3378
3379
3380
3381
3382
3383
3384
3385
3386
3387
3388
3389
3390
3391
3392
3393
3394
3395
3396
3397
3398
3399
3400
3401
3402
3412
3452
3456
3461
3567
3625
3627
3649
3666
3700
3722
3733
3735
3780
3814
3833
3886
3947
3992
4011
4060
4081
4100
4145
4153
4176
4204
4254
4317
4390
4424
4426
4429
4455
4460
4477
4544
4576
4578
4602
4621
4628
4662
4686
4724
4770
4839
4872
4891
4913
4916
4922
4945
4959
4985
4986
5027
5066
5078
5081
5089
5117
5122
5130
5163
5198
5242
5393
5471
5527
5699
5711
5731
5747
5767
5801
5803
5845
5846
5855
5860
5951
6093
6114
6127
6198
6248
6352
6362
6385
6432
6480
6523
6657
6677
6681
6738

