406 Symmetry001
' '
716
725
747
761
763
876
913
917
947
990
1003
1061
1064
1069
1075
1077
1086
1097
1129
1138
1178
1202
1225
1241
1247
1256
1261
1262
1272
1276
1285
1293
1304
1308
1372
1414
1416
1428
1446
1472
1494
1552
1619
1620
1621
1622
1623
1624
1625
1641
1662
1672
1761
1763
1805
1940
1997
2014
2050
2076
2139
2170
2193
2205
2384
2387
2398
2402
2516
2525
2670
2699
2704
2711
2776
2789
2829
2834
2845
2869
2877
2898
2900
2936
2992
3076
3103
3128
3139
3169
3196
3314
3315
3316
3317
3318
3326
3336
3407
3411
3416
3516
3611
3616
3668
3680
3740
3758
3820
3833
3886
3899
3905
3934
3945
3947
4065
4082
4100
4162
4172
4181
4243
4264
4356
4362
4391
4392
4464
4492
4496
4522
4567
4662
4714
4758
4801
4818
4876
4887
4899
4941
4985
5020
5031
5034
5064
5099
5176
5197
5198
5208
5218
5229
5257
5347
5379
5396
5399
5433
5532
5567
5651
5661
5662
5680
5683
5684
5730
5740
5763
5896
5981
6033
6106
6133
6138
6139
6158
6161
6188
6233
6305
6418
6447
6471
6509
6539
6642
6647
6668
6720
6726
6745
6751
6760
6878
6879
6880
6881
6882
6883
6884
261
262
263
264
265
266
267
268
269
270
271
272
273
274
287
288
289
290
291
292
293
302
322
336
356
360
371
374
389
398
406
416
427
431
433
442
456
508
529
553
560
654
1605
1606
1607
1608
1609
1610
1611
1711
1730
1796
1806
1841
1843
1862
1879
1906
1946
2084
2111
2134
2191
2268
2269
2320
2397
2421
2434
2454
2492
2531
2552
2693
2701
2744
2772
2846
2904
2931
2958
2967
2968
3053
3067
3143
3185
3224
3262
3268
3294
3319
3320
3321
3322
3323
3325
3332
3446
3458
3566
3573
3604
3624
3642
3652
3700
3728
3754
3780
3789
3799
3863
3955
4011
4028
4045
4095
4113
4118
4144
4148
4154
4163
4171
4219
4238
4246
4281
4320
4330
4436
4510
4616
4645
4653
4671
4686
4705
4732
4794
4846
4914
4915
4940
5045
5073
5074
5106
5117
5130
5141
5159
5184
5273
5301
5302
5310
5334
5381
5446
5489
5539
5572
5588
5589
5643
5715
5758
5776
5786
5846
5895
5924
5959
5985
6008
6021
6079
6099
6101
6123
6247
6365
6401
6404
6450
6510
6522
6535
6547
6565
6641
6644
6651
6733
6885
6886
6887
6888
6889
6890
6891

