392 Wall
'7 0.0 0.0 0.0 1.0 1.0 1.0 0.0'
6080
6084
6345
6469
6604
6631
6889
7035
7239
7240
7241
7242
7243
7244
7245
7246
7247
7248
7249
7250
7251
7252
7253
7254
7255
7256
7257
7258
7259
7260
7261
7262
7263
7264
7265
7266
7267
7268
7269
7270
7271
7272
7273
7274
7275
7276
7277
7278
7279
7280
7281
7282
7283
7284
7285
7286
6440
7019
7563
7564
7565
7566
7567
7568
7569
7570
7571
7572
7573
7574
6525
6649
7551
7552
7553
7554
7555
7556
7557
7558
7559
7560
7561
7562
6021
6151
6644
6665
7480
7482
7483
7484
7485
7489
7491
7492
7520
7524
7532
7533
7539
7540
7541
7542
7543
7544
7545
7546
7547
7548
7549
7550
6193
6227
6536
6584
6646
6880
7479
7481
7486
7487
7488
7490
7493
7494
7495
7496
7497
7498
7500
7501
7503
7506
7507
7508
7509
7510
7511
7514
7517
7518
7519
7521
7522
7523
7527
7528
7529
7530
7531
7535
7536
7538
6448
6836
7499
7502
7504
7505
7512
7513
7515
7516
7525
7526
7534
7537
6267
7068
7467
7468
7469
7470
7471
7472
7473
7474
7475
7476
7477
7478
6487
6583
7455
7456
7457
7458
7459
7460
7461
7462
7463
7464
7465
7466
6133
6145
6168
6395
6586
6679
6968
7053
7407
7408
7409
7410
7411
7412
7413
7414
7415
7416
7417
7418
7419
7420
7421
7422
7423
7424
7425
7426
7427
7428
7429
7430
7431
7432
7433
7434
7435
7436
7437
7438
7439
7440
7441
7442
7443
7444
7445
7446
7447
7448
7449
7450
7451
7452
7453
7454
6124
6276
6652
6920
7383
7384
7385
7386
7387
7388
7389
7390
7391
7392
7393
7394
7395
7396
7397
7398
7399
7400
7401
7402
7403
7404
7405
7406
6154
6420
6838
6953
7330
7335
7336
7339
7340
7345
7347
7349
7353
7358
7366
7368
7371
7372
7373
7374
7375
7376
7377
7378
7379
7380
7381
7382
6013
6119
6560
6850
7327
7328
7329
7331
7332
7333
7334
7337
7338
7341
7342
7343
7344
7346
7348
7350
7351
7352
7354
7355
7361
7362
7367
7370
6066
6512
7022
7088
7311
7312
7313
7314
7315
7316
7317
7318
7319
7320
7321
7322
7323
7324
7325
7326
7356
7357
7359
7360
7363
7364
7365
7369
6347
6566
7299
7300
7301
7302
7303
7304
7305
7306
7307
7308
7309
7310
6081
6821
7287
7288
7289
7290
7291
7292
7293
7294
7295
7296
7297
7298
