98 Inflow5
' '
4947
4963
4970
5074
5082
5130
5162
5204
5278
5330
5383
5430
5541
5542
5543
5567
5585
5684
5728
5790
5853
5854
5920
5931
6192
6251
6282
6364
6386
6477
6533
6587
6712
6795
6851
6859
6908
6994
7095
7096
7097
7098
7099
7100
7101
7102
7103
7104
7105
7106
7107
7108
7109
7110
7111
7112
7113
7114
7115
7116
7117
7118
7119
7120
7121
7122
7123
7124
7125
7126
7127
7128
7129
7130
7131
7132
7133
7134
7135
7136
7137
7138
7139
7140
7141
7142
7143
7144
7145
7146
7147
7148
7149
7150
7151
7152
7153
7154
