126 Symmetry011
' '
5000
5079
5120
5152
5180
5224
5227
5254
5261
5322
5391
5441
5452
5523
5546
5622
5659
5688
5769
5800
5831
5861
5935
5945
6070
6137
6148
6182
6249
6286
6352
6361
6527
6663
6684
6814
6868
6905
6944
6963
7026
7067
7155
7156
7157
7158
7159
7160
7161
7162
7163
7164
7165
7166
7167
7168
7169
7170
7171
7172
7173
7174
7175
7176
7177
7178
7179
7180
7181
7182
7183
7184
7185
7186
7187
7188
7189
7190
7191
7192
7193
7194
7195
7196
7197
7198
7199
7200
7201
7202
7203
7204
7205
7206
7207
7208
7209
7210
7211
7212
7213
7214
7215
7216
7217
7218
7219
7220
7221
7222
7223
7224
7225
7226
7227
7228
7229
7230
7231
7232
7233
7234
7235
7236
7237
7238
