588 Wall
' '
1
2
3
4
5
6
14
15
16
17
18
19
32
33
34
35
36
37
45
46
47
48
49
50
63
64
65
66
67
68
76
77
78
79
80
81
94
95
96
97
98
99
107
108
109
110
111
112
125
126
127
128
129
130
138
139
140
141
142
143
156
157
158
159
160
161
169
170
171
172
173
174
187
188
189
190
191
192
200
201
202
203
204
205
218
219
220
221
222
223
231
232
233
234
235
236
249
250
251
252
253
254
262
263
264
265
266
267
280
281
282
283
284
285
293
294
295
296
297
298
311
312
313
314
315
316
324
325
326
327
328
329
342
343
344
345
346
347
355
356
357
358
359
360
373
374
375
376
377
378
386
387
388
389
390
391
404
405
406
407
408
409
417
418
419
420
421
422
435
436
437
438
439
440
448
449
450
451
452
453
466
467
468
469
470
471
479
480
481
482
483
484
497
498
499
500
501
502
510
511
512
513
514
515
528
529
530
531
532
533
541
542
543
544
545
546
559
560
561
562
563
564
572
573
574
575
576
577
590
591
592
593
594
595
603
604
605
606
607
608
621
622
623
624
625
626
634
635
636
637
638
639
652
653
654
655
656
657
665
666
667
668
669
670
683
684
685
686
687
688
696
697
698
699
700
701
714
715
716
717
718
719
727
728
729
730
731
732
745
746
747
748
749
750
758
759
760
761
762
763
776
777
778
779
780
781
789
790
791
792
793
794
807
808
809
810
811
812
820
821
822
823
824
825
838
839
840
841
842
843
851
852
853
854
855
856
869
870
871
872
873
874
882
883
884
885
886
887
900
901
902
903
904
905
913
914
915
916
917
918
931
932
933
934
935
936
944
945
946
947
948
949
962
963
964
965
966
967
975
976
977
978
979
980
993
994
995
996
997
998
1006
1007
1008
1009
1010
1011
1024
1025
1026
1027
1028
1029
1037
1038
1039
1040
1041
1042
1055
1056
1057
1058
1059
1060
1068
1069
1070
1071
1072
1073
1086
1087
1088
1089
1090
1091
1099
1100
1101
1102
1103
1104
1117
1118
1119
1120
1121
1122
1130
1131
1132
1133
1134
1135
1148
1149
1150
1151
1152
1153
1161
1162
1163
1164
1165
1166
1179
1180
1181
1182
1183
1184
1192
1193
1194
1195
1196
1197
1210
1211
1212
1213
1214
1215
1223
1224
1225
1226
1227
1228
1241
1242
1243
1244
1245
1246
1254
1255
1256
1257
1258
1259
1272
1273
1274
1275
1276
1277
1285
1286
1287
1288
1289
1290
1303
1304
1305
1306
1307
1308
1316
1317
1318
1319
1320
1321
1334
1335
1336
1337
1338
1339
1347
1348
1349
1350
1351
1352
1365
1366
1367
1368
1369
1370
1378
1379
1380
1381
1382
1383
1396
1397
1398
1399
1400
1401
1409
1410
1411
1412
1413
1414
1427
1428
1429
1430
1431
1432
1440
1441
1442
1443
1444
1445
1458
1459
1460
1461
1462
1463
1471
1472
1473
1474
1475
1476
1489
1490
1491
1492
1493
1494
1502
1503
1504
1505
1506
1507
