136 Wall
' '
124
125
128
129
132
133
136
137
140
141
144
145
102
103
104
105
106
108
109
110
111
112
120
121
73
74
77
78
81
82
85
86
89
90
93
94
101
107
67
68
69
70
71
75
79
83
87
91
95
113
114
115
116
117
118
122
126
130
134
138
142
146
147
148
149
150
151
152
153
154
155
156
157
158
159
160
161
162
163
164
165
166
167
168
169
170
171
1
52
53
54
55
56
72
76
80
84
88
92
96
97
98
99
100
119
123
127
131
135
139
143
172
173
174
175
176
177
178
179
180
181
182
183
184
185
186
187
188
189
190
191
192
193
194
195
196

