325 Inflow1
' '
1
2
3
4
7
12
13
17
20
27
28
29
30
33
35
36
38
39
40
43
45
46
50
52
53
54
56
57
58
61
62
66
69
73
74
76
77
80
84
87
88
90
93
95
100
106
107
110
111
117
118
120
129
132
136
137
145
146
155
156
161
162
163
781
782
784
786
790
791
794
795
796
800
801
804
818
821
824
825
853
855
858
859
888
889
891
893
894
897
913
914
916
917
920
960
961
963
964
965
967
969
970
971
987
991
995
1004
1005
1007
1008
1010
1011
1013
1026
1029
1030
1031
1032
1034
1036
1037
1038
1040
1056
1057
1059
1067
1068
1069
1070
1071
1073
1089
1090
1092
1095
1096
1104
1105
1106
1107
1108
1109
1110
1112
1113
1122
1124
1125
1126
1127
1128
1130
1150
1152
1153
1183
1184
1187
1206
1207
1231
1232
1233
1235
1237
1238
1240
1249
1252
1254
1255
1257
1265
1267
1269
1282
1283
1284
1302
1304
1308
1310
1311
1326
1327
1334
1335
1338
1339
1359
1360
1364
1410
1412
1413
1415
1430
1433
1435
1436
1439
1441
1468
1470
1475
1478
1479
1480
1482
1538
1539
1543
1544
1555
1558
1559
1580
1582
1624
1626
1670
1673
1693
1695
4992
4996
5000
5008
5013
5016
5017
5028
5056
5061
5066
5115
5121
5177
5179
5183
5187
5190
5222
5224
5226
5230
5296
5298
5301
5304
5308
5336
5346
5365
5367
5371
5374
5376
5406
5411
5412
5415
5419
5421
5423
5451
5452
5467
5468
5469
5471
5496
5498
5503
5507
5520
5521
5522
5523
5526
5529
5545
5546
5548
5549
5591
5647
5651
5688
5733
5734
5737
5741
5744
5763
5767
5769
5778
5782
5797
5798
5831
5834
5858
5869
5870
5876
5904
5909
5998
6001
6030
6031
6039
6040
6089
6090
6098
6099
6196
6199
6202
6223
6227
