3013 Wall
' '
1
2
3
4
5
6
7
8
9
12
13
17
20
22
23
24
25
27
28
29
30
33
35
36
38
39
40
43
45
46
47
49
50
52
53
54
56
57
58
61
62
63
66
69
73
74
76
77
78
79
80
82
84
85
87
88
89
90
91
93
95
96
97
100
103
106
107
110
111
112
114
115
116
117
118
119
120
123
127
128
129
130
132
133
135
136
137
142
143
144
145
146
147
152
153
154
155
156
157
158
159
161
162
163
164
165
166
167
169
171
172
173
174
175
177
181
182
186
188
190
191
193
194
195
196
197
198
201
202
203
208
209
211
212
216
217
218
219
224
225
226
227
230
231
232
233
234
235
236
242
243
246
247
248
253
254
255
257
258
259
261
262
263
265
266
269
270
271
272
274
275
280
283
284
285
286
287
288
289
290
291
292
293
295
296
298
300
301
303
305
308
309
312
315
316
317
318
319
320
321
323
324
325
326
327
328
329
330
331
332
333
336
341
342
343
346
348
349
351
352
353
355
356
358
359
360
362
363
364
366
367
369
371
372
373
375
376
378
380
386
387
390
391
392
393
394
395
396
397
398
400
403
404
405
406
409
411
412
414
415
416
417
420
422
423
425
426
427
428
430
431
433
434
435
437
438
440
443
451
452
453
454
455
457
458
459
461
462
463
466
467
468
469
470
471
475
478
480
484
485
486
487
489
490
491
492
493
494
496
497
498
499
500
501
503
504
505
506
509
510
514
516
518
520
521
522
524
525
526
527
528
529
531
532
533
534
535
536
538
539
541
542
544
545
546
547
548
549
551
552
553
554
556
557
560
562
565
566
568
569
570
571
573
575
576
577
578
579
580
581
582
583
584
585
586
587
588
589
590
592
594
595
596
597
599
600
601
602
603
604
605
606
607
608
611
612
613
614
615
616
617
619
620
624
626
627
628
630
631
632
633
634
635
636
637
641
644
645
646
648
649
650
652
653
654
658
659
661
662
663
664
667
668
669
671
672
674
675
676
681
682
684
686
687
688
692
694
695
696
700
701
702
703
705
709
710
711
712
714
716
717
718
719
720
722
724
725
727
728
729
730
731
735
736
738
739
740
743
744
746
747
748
750
751
753
754
755
756
757
758
760
761
762
763
764
765
766
767
768
769
770
771
772
773
774
775
776
777
778
779
780
781
782
783
784
785
786
788
789
790
791
792
793
794
795
796
800
801
804
806
808
810
812
813
815
818
821
824
825
829
830
832
833
834
835
837
853
854
855
857
858
859
888
889
891
893
894
897
913
914
916
917
920
930
931
933
934
936
937
939
943
945
946
947
949
951
952
960
961
963
964
965
967
968
969
970
971
972
987
991
995
1004
1005
1007
1008
1010
1011
1013
1026
1029
1030
1031
1032
1034
1036
1037
1038
1040
1056
1057
1059
1067
1068
1069
1070
1071
1073
1074
1075
1076
1084
1085
1087
1089
1090
1092
1095
1096
1104
1105
1106
1107
1108
1109
1110
1112
1113
1122
1124
1125
1126
1127
1128
1130
1149
1150
1151
1152
1153
1154
1155
1160
1161
1183
1184
1187
1206
1207
1231
1232
1233
1235
1237
1238
1240
1249
1252
1254
1255
1257
1258
1259
1261
1262
1263
1264
1265
1267
1269
1275
1276
1277
1278
1282
1283
1284
1288
1289
1291
1293
1295
1301
1302
1303
1304
1305
1307
1308
1310
1311
1312
1313
1315
1326
1327
1334
1335
1338
1339
1340
1341
1342
1344
1345
1346
1359
1360
1364
1387
1389
1390
1391
1410
1411
1412
1413
1414
1415
1430
1433
1435
1436
1439
1441
1443
1444
1445
1455
1456
1457
1458
1459
1460
1463
1464
1465
1466
1467
1468
1469
1470
1472
1473
1474
1475
1478
1479
1480
1482
1502
1503
1504
1532
1533
1534
1535
1536
1537
1538
1539
1543
1544
1545
1548
1549
1555
1558
1559
1561
1562
1563
1565
1566
1575
1576
1577
1579
1580
1581
1582
1614
1615
1616
1617
1618
1619
1620
1621
1623
1624
1625
1626
1627
1628
1629
1630
1631
1660
1661
1662
1663
1664
1665
1666
1667
1668
1669
1670
1671
1672
1673
1674
1675
1676
1677
1678
1679
1680
1682
1683
1692
1693
1694
1695
1696
1697
1698
1699
1701
1702
1705
1706
1707
1708
1709
1711
1712
1718
1719
1722
1733
1734
1735
1737
1738
1739
1740
1741
1742
1743
1745
1746
1747
1749
1750
1759
1760
1782
1783
1785
1786
1787
1788
1816
1817
1818
1828
1829
1830
1842
1843
1845
1846
1847
1848
1849
1859
1860
1862
1863
1864
1865
1866
1868
1869
1870
1871
1872
1873
1874
1875
1876
1877
1878
1896
1897
1900
1901
1903
1904
1905
1907
1940
1942
1943
1944
1945
1947
1955
1956
1959
1960
1961
1963
1986
1987
1988
1989
1990
1992
1994
1995
1996
1998
2001
2002
2004
2036
2038
2039
2040
2041
2043
2044
2045
2047
2048
2049
2051
2064
2065
2067
2068
2069
2070
2073
2074
2076
2077
2078
2080
2081
2084
2086
2087
2089
2091
2092
2094
2135
2136
2138
2139
2140
2142
2155
2156
2158
2160
2161
2163
2164
2166
2167
2168
2170
2171
2198
2199
2201
2203
2204
2205
2207
2208
2209
2211
2222
2224
2225
2227
2228
2229
2230
2231
2232
2235
2242
2243
2245
2246
2247
2249
2251
2252
2254
2264
2265
2267
2268
2269
2271
2288
2289
2291
2292
2293
2294
2296
2297
2299
2301
2303
2304
2312
2314
2315
2316
2317
2319
2350
2351
2353
2377
2378
2380
2381
2382
2383
2384
2387
2389
2390
2392
2393
2395
2396
2397
2398
2399
2401
2402
2403
2405
2407
2408
2410
2411
2412
2414
2415
2417
2418
2420
2421
2422
2423
2424
2426
2427
2429
2438
2440
2442
2443
2453
2454
2456
2466
2467
2469
2470
2471
2472
2482
2484
2485
2495
2496
2498
2519
2520
2521
2523
2524
2526
2545
2546
2548
2561
2562
2563
2565
2567
2568
2569
2571
2572
2574
2575
2576
2577
2579
2580
2581
2582
2584
2585
2587
2591
2592
2594
2604
2606
2607
2609
2610
2612
2613
2614
2616
2617
2619
2621
2623
2625
2626
2628
2629
2631
2633
2636
2640
2641
2642
2643
2646
2648
2649
2651
2652
2655
2656
2657
2659
2660
2663
2680
2681
2682
2707
2708
2710
2712
2713
2714
2716
2717
2718
2719
2732
2733
2735
2737
2746
2747
2749
2751
2753
2754
2763
2765
2766
2768
2770
2771
2774
2784
2786
2787
2788
2789
2791
2792
2793
2805
2806
2809
2811
2812
2814
2815
2828
2830
2831
2832
2833
2834
2836
2837
2838
2840
2850
2851
2853
2854
2856
2857
2859
2867
2869
2870
2882
2883
2886
2887
2889
2890
2891
2893
2906
2907
2910
2911
2913
2914
2916
2930
2931
2933
2942
2944
2945
2947
2982
2983
2984
2986
2987
2989
3006
3007
3010
3011
3012
3013
3014
3015
3016
3018
3020
3022
3023
3025
3026
3028
3030
3031
3034
3035
3036
3038
3039
3041
3042
3044
3045
3046
3048
3058
3059
3061
3082
3083
3084
3085
3086
3088
3089
3091
3092
3093
3095
3117
3118
3120
3132
3133
3135
3136
3137
3138
3145
3146
3147
3149
3150
3153
3155
3156
3157
3158
3159
3162
3164
3183
3184
3185
3186
3194
3195
3196
3197
3198
3201
3203
3215
3216
3218
3219
3221
3222
3223
3224
3225
3228
3230
3231
3232
3233
3236
3243
3244
3246
3247
3248
3249
3251
3263
3264
3265
3267
3268
3269
3270
3272
3283
3284
3285
3287
3288
3299
3300
3302
3322
3323
3325
3327
3328
3395
3396
3397
3398
3399
3401
3402
3403
3404
3405
3406
3407
3408
3409
3411
3421
3422
3424
3425
3426
3427
3429
3430
3431
3432
3438
3439
3441
3442
3443
3444
3446
3447
3448
3449
3450
3467
3468
3470
3471
3472
3473
3475
3476
3477
3478
3480
3481
3484
3485
3487
3488
3490
3519
3520
3522
3544
3545
3547
3554
3555
3556
3573
3574
3575
3576
3577
3579
3580
3581
3582
3583
3584
3585
3592
3593
3595
3596
3597
3598
3599
3600
3601
3602
3605
3606
3608
3609
3610
3612
3624
3625
3627
3628
3629
3630
3632
3633
3634
3635
3637
3638
3639
3640
3641
3642
3643
3644
3645
3646
3648
3658
3659
3660
3661
3662
3663
3664
3666
3667
3668
3669
3670
3689
3690
3691
3692
3693
3694
3695
3696
3697
3698
3737
3738
3747
3748
3756
3757
3758
3759
3768
3770
3771
3772
3773
3774
3775
3788
3789
3790
3791
3792
3793
3795
3796
3801
3802
3803
3804
3805
3806
3807
3808
3809
3810
3811
3813
3828
3829
3830
3831
3832
3834
3835
3836
3837
3838
3839
3840
3841
3845
3846
3847
3854
3855
3856
3857
3858
3867
3868
3869
3871
3872
3874
3881
3882
3883
3884
3885
3887
3889
3890
3891
3892
3893
3894
3895
3896
3897
3898
3900
3901
3906
3907
3908
3909
3910
3912
3913
3914
3916
3927
3928
3929
3930
3931
3951
3953
3955
3963
3964
3966
3967
3985
3986
3988
3989
3990
3992
3993
4006
4007
4008
4009
4010
4011
4012
4013
4014
4015
4016
4017
4030
4031
4035
4036
4049
4050
4052
4053
4054
4055
4056
4057
4058
4059
4060
4061
4062
4065
4066
4067
4068
4069
4070
4072
4075
4076
4077
4079
4080
4081
4082
4083
4084
4085
4086
4087
4088
4089
4090
4091
4092
4093
4094
4095
4096
4097
4098
4099
4100
4110
4111
4112
4120
4121
4122
4123
4124
4125
4126
4127
4128
4129
4138
4139
4142
4144
4145
4146
4147
4148
4149
4150
4151
4152
4153
4154
4155
4156
4157
4158
4159
4161
4162
4163
4164
4165
4166
4167
4185
4186
4188
4189
4190
4191
4192
4193
4194
4195
4197
4198
4199
4200
4201
4202
4203
4204
4216
4217
4218
4219
4236
4237
4238
4243
4244
4246
4248
4251
4252
4253
4254
4255
4262
4263
4264
4266
4267
4268
4270
4271
4272
4273
4274
4275
4276
4277
4280
4297
4298
4300
4313
4315
4317
4318
4319
4321
4322
4323
4324
4325
4336
4337
4339
4341
4344
4345
4347
4349
4352
4353
4362
4363
4365
4366
4368
4369
4370
4371
4373
4397
4399
4400
4401
4403
4404
4414
4416
4417
4420
4421
4422
4424
4425
4428
4429
4432
4448
4449
4451
4452
4454
4455
4457
4459
4460
4462
4470
4471
4474
4475
4478
4479
4488
4489
4492
4494
4496
4498
4500
4501
4503
4506
4534
4535
4536
4537
4538
4540
4551
4553
4555
4564
4565
4567
4570
4571
4572
4575
4576
4577
4579
4591
4593
4594
4600
4601
4604
4606
4607
4608
4610
4612
4640
4641
4643
4644
4646
4648
4650
4652
4654
4656
4657
4658
4667
4668
4690
4691
4692
4693
4696
4697
4698
4699
4700
4706
4708
4709
4718
4720
4722
4723
4724
4725
4727
4728
4730
4731
4732
4733
4742
4744
4745
4752
4753
4763
4764
4766
4768
4770
4772
4773
4774
4775
4777
4778
4780
4782
4783
4785
4787
4825
4826
4834
4836
4837
4839
4841
4842
4844
4845
4847
4863
4864
4865
4866
4867
4868
4880
4881
4882
4883
4888
4890
4891
4893
4895
4896
4908
4909
4910
4912
4913
4914
4915
4916
4917
4918
4920
4921
4923
4924
4925
4927
4940
4941
4942
4943
4944
4945
4946
4947
4948
4949
4950
4951
4953
4954
4955
4957
4959
4960
4962
4963
4964
4965
4966
4967
4972
4973
4975
4976
4977
4978
4981
4982
4983
4984
4985
4986
4987
4988
4989
4990
4991
4992
4993
4996
4997
4999
5000
5004
5007
5008
5009
5012
5013
5016
5017
5028
5035
5040
5044
5046
5056
5061
5066
5077
5078
5080
5081
5084
5114
5115
5120
5121
5177
5179
5183
5187
5190
5222
5224
5226
5230
5251
5253
5258
5260
5263
5272
5275
5276
5280
5283
5296
5298
5301
5304
5307
5308
5309
5336
5346
5365
5367
5371
5374
5376
5406
5411
5412
5415
5419
5421
5423
5451
5452
5467
5468
5469
5471
5474
5476
5488
5491
5496
5498
5503
5507
5520
5521
5522
5523
5526
5529
5545
5546
5548
5549
5588
5589
5591
5592
5595
5605
5647
5651
5688
5733
5734
5737
5741
5744
5763
5767
5769
5771
5774
5775
5776
5778
5782
5791
5792
5793
5797
5798
5806
5809
5810
5814
5825
5826
5828
5831
5834
5835
5838
5858
5869
5870
5876
5877
5878
5881
5882
5904
5909
5960
5964
5965
5997
5998
6000
6001
6030
6031
6039
6040
6050
6051
6067
6068
6069
6070
6077
6078
6079
6080
6081
6085
6086
6089
6090
6098
6099
6140
6141
6192
6193
6194
6195
6196
6199
6202
6209
6210
6223
6227
6230
6232
6234
6235
6250
6252
6255
6256
6314
6315
6316
6317
6318
6320
6323
6324
6325
6326
6327
6376
6377
6378
6379
6380
6381
6382
6383
6384
6385
6386
6387
6388
6390
6393
6408
6409
6410
6412
6414
6418
6423
6424
6425
6427
6437
6440
6465
6466
6469
6470
6471
6472
6473
6476
6478
6480
6496
6531
6534
6536
6537
6589
6590
6610
6611
6633
6636
6638
6639
6640
6658
6660
6663
6664
6666
6669
6670
6671
6672
6673
6674
6676
6708
6713
6716
6717
6719
6783
6786
6787
6789
6804
6806
6811
6814
6853
6854
6855
6857
6862
6864
6868
6873
6875
6935
6938
6939
6942
6944
6947
6948
6950
6973
6975
6978
6979
6984
6986
6989
6992
6996
7002
7005
7009
7011
7086
7088
7091
7093
7115
7119
7122
7124
7126
7131
7133
7135
7137
7183
7186
7191
7192
7195
7196
7199
7221
7224
7227
7229
7230
7231
7233
7247
7250
7252
7255
7259
7261
7281
7283
7286
7289
7320
7322
7326
7327
7329
7333
7338
7341
7355
7358
7359
7361
7416
7419
7469
7471
7473
7476
7477
7483
7486
7489
7491
7493
7496
7497
7500
7502
7504
7509
7511
7514
7517
7520
7523
7526
7529
7530
7531
7534
7537
7556
7560
7578
7581
7601
7603
7606
7607
7624
7627
7644
7647
7686
7687
7690
7693
7731
7733
7754
7755
7758
7760
7763
7765
7768
7770
7772
7775
7778
7780
7782
7784
7794
7796
7816
7821
7823
7825
7827
7830
7833
7837
7842
7846
7849
7852
7857
7864
7871
7872
7876
7881
7884
7888
7893
7894
7897
7900
7934
7935
7973
7975
7980
7982
7985
7987
7989
8009
8011
8016
8033
8035
8041
8044
8061
8064
8068
8071
8093
8097
8098
8100
8104
8105
8130
8135
8138
8142
8168
8171
8172
8173
8176
8177
8180
8199
8201
8205
8208
8211
8226
8229
8253
8255
8261
8264
8266
8292
8295
8299
8302
8305
8336
8338
8354
8357
8360
8419
8420
8424
8427
8459
8462
8464
8468
8469
8470
8474
8478
8481
8484
8487
8491
8494
8496
8501
8504
8507
8509
8512
8515
8533
8535
8576
8577
8578
8581
8584
8585
8588
8632
8634
8661
8664
8666
8667
8678
8679
8682
8687
8692
8693
8694
8698
8704
8739
8740
8741
8754
8755
8756
8759
8767
8789
8791
8793
8798
8799
8800
8804
8809
8812
8813
8816
8829
8831
8833
8836
8839
8863
8864
8867
8868
8871
8893
8894
8897
8919
8922
8959
8961
8963
8969
9100
9101
9102
9104
9106
9107
9108
9109
9110
9112
9129
9131
9133
9134
9137
9139
9140
9148
9150
9152
9153
9156
9158
9159
9160
9188
9190
9192
9195
9197
9198
9199
9202
9207
9209
9212
9269
9271
9315
9318
9330
9331
9357
9358
9359
9362
9364
9365
9366
9367
9378
9381
9383
9384
9385
9386
9388
9393
9395
9398
9422
9425
9426
9428
9429
9432
9433
9436
9437
9438
9439
9440
9441
9443
9444
9465
9466
9467
9468
9469
9472
9473
9474
9511
9512
9513
9514
9515
9516
9517
9594
9610
9624
9625
9626
9642
9644
9645
9646
9672
9673
9674
9675
9678
9681
9690
9691
9692
9693
9694
9695
9696
9699
9731
9732
9733
9735
9738
9739
9740
9741
9749
9750
9759
9760
9761
9776
9777
9780
9783
9793
9794
9795
9798
9802
9803
9804
9805
9806
9807
9809
9811
9818
9819
9820
9823
9825
9846
9847
9848
9887
9891
9906
9908
9910
9946
9948
9950
9954
9957
9982
9983
9984
9985
9986
9987
9988
9989
10015
10020
10027
10050
10053
10054
10055
10056
10057
10058
10059
10063
10066
10067
10068
10072
10078
10080
10082
10083
10084
10085
10086
10087
10088
10089
10090
10091
10092
10093
10094
10095
10113
10114
10127
10128
10129
10130
10131
10132
10146
10148
10156
10157
10158
10159
10160
10161
10162
10163
10164
10166
10168
10169
10170
10171
10203
10205
10207
10210
10211
10212
10214
10217
10218
10219
10220
10244
10245
10268
10269
10275
10277
10280
10289
10290
10291
10302
10304
10307
10308
10310
10311
10312
10314
10345
10347
10369
10376
10377
10379
10382
10383
10384
10404
10406
10414
10420
10422
10428
10435
10446
10448
10452
10455
10456
10459
10503
10506
10508
10511
10530
10533
10538
10541
10544
10549
10552
10583
10585
10587
10592
10594
10599
10601
10615
10617
10624
10629
10644
10648
10655
10659
10664
10666
10672
10719
10720
10721
10723
10745
10749
10766
10768
10775
10779
10782
10786
10789
10805
10809
10816
10819
10826
10828
10830
10884
10886
10890
10895
10900
10905
10909
10910
10960
10964
10968
10969
10970
10979
10983
10998
11002
11005
11008
11011
11013
11014
11029
11032
11062
11064
11069
11074
11076
11077
11081
11084
11088
11091
11095
11189
11193
11196
11199
11202
11204
11232
11233
11234
11235
11257
11264
11267
11271
11274
11298
11300
11302
11304
11305
11306
11309
11312
11314
11316
11344
11345
11346
11347
11348
11349
11350
11353
11354
11356
11362
11365
11366
11368
11379
11382
11383
11384
11390
11391
11392
