276 Wall
'7 0.0 0.0 0.0 7.0 1.0 1.0 0.0'
2438
2439
2444
2445
2450
2451
2456
2457
2462
2463
2468
2469
2474
2475
2480
2481
2486
2487
2492
2493
2498
2499
2504
2505
2600
2603
2604
2605
2621
2623
2624
2633
2635
2636
2645
2647
2648
2657
2659
2660
2669
2671
2672
2681
2683
2684
2693
2695
2696
2705
2707
2708
2717
2719
2720
2759
2763
2765
2848
2858
2864
2870
2876
2882
2888
2894
2900
2906
2925
2597
2601
2622
2634
2646
2658
2670
2682
2694
2706
2718
2761
2846
2857
2863
2869
2875
2881
2887
2893
2899
2905
2923
2437
2443
2449
2455
2461
2467
2473
2479
2485
2491
2497
2503
2599
2620
2632
2644
2656
2668
2680
2692
2704
2716
2758
2618
2619
2631
2643
2655
2667
2679
2691
2703
2715
2727
2775
2856
2862
2868
2874
2880
2886
2892
2898
2904
2910
2933
2442
2448
2454
2460
2466
2472
2478
2484
2490
2496
2502
2508
2616
2629
2641
2653
2665
2677
2689
2701
2713
2725
2772
2441
2447
2453
2459
2465
2471
2477
2483
2489
2495
2501
2507
2612
2614
2617
2627
2630
2639
2642
2651
2654
2663
2666
2675
2678
2687
2690
2699
2702
2711
2714
2723
2726
2769
2773
2854
2861
2867
2873
2879
2885
2891
2897
2903
2909
2931
2610
2613
2628
2640
2652
2664
2676
2688
2700
2712
2724
2770
2852
2860
2866
2872
2878
2884
2890
2896
2902
2908
2929
2440
2446
2452
2458
2464
2470
2476
2482
2488
2494
2500
2506
2608
2625
2637
2649
2661
2673
2685
2697
2709
2721
2766
2607
2609
2626
2638
2650
2662
2674
2686
2698
2710
2722
2768
2850
2859
2865
2871
2877
2883
2889
2895
2901
2907
2927
