15062 Wall
'7 0.0 0.0 0.0 7.0 1.0 1.0 0.0'
1
2
3
4
5
6
7
8
9
10
12
13
14
16
17
18
19
20
21
23
24
25
26
27
28
29
31
32
33
34
35
36
37
38
39
40
41
42
43
44
45
46
48
49
50
51
52
53
54
55
56
57
58
60
62
63
64
65
67
68
69
70
71
72
73
74
76
77
78
79
81
82
83
84
85
86
87
88
89
90
92
94
95
96
97
99
100
101
102
103
104
105
106
107
108
109
110
112
113
114
115
118
119
120
121
122
123
124
125
126
127
128
129
130
131
132
133
135
136
138
139
140
142
143
144
145
146
147
148
149
150
151
152
153
155
157
158
159
160
161
162
163
164
165
167
168
169
170
171
172
176
177
178
179
180
181
183
184
185
186
188
189
190
191
192
193
194
195
196
198
199
200
201
202
203
205
206
207
208
210
211
213
214
215
216
217
218
219
220
221
222
223
224
225
226
227
230
232
233
234
235
236
237
238
240
241
242
243
244
245
247
248
249
250
251
253
254
255
257
258
259
260
261
262
263
264
266
267
268
269
270
271
272
275
276
277
279
280
281
282
283
285
286
287
288
289
290
291
292
294
295
297
298
299
300
301
302
303
304
305
306
307
308
310
311
313
314
315
316
317
318
320
322
323
324
325
327
328
329
330
331
332
333
334
335
336
337
338
340
341
342
344
346
347
348
349
350
351
354
355
356
357
358
359
360
361
362
364
365
366
368
369
370
371
372
373
375
377
378
379
380
381
384
385
386
387
389
390
391
392
393
394
396
397
399
400
401
402
403
404
405
406
407
408
409
411
412
414
415
416
417
418
419
421
425
426
427
428
429
430
431
433
434
435
437
439
440
441
442
443
445
446
447
448
449
450
452
453
454
456
457
458
459
460
463
464
465
466
467
468
469
470
471
472
473
474
475
476
477
479
481
482
483
484
485
487
488
490
491
494
495
496
497
498
501
502
504
505
506
508
510
512
513
514
515
516
517
519
520
521
522
523
524
525
528
530
531
532
533
534
536
537
538
539
542
543
544
545
546
547
548
549
550
552
553
554
555
556
557
558
559
560
561
563
564
565
569
570
571
572
573
574
576
577
579
582
583
584
585
586
587
588
589
591
592
593
594
595
596
599
600
601
603
605
607
608
609
610
611
612
613
614
615
616
617
618
619
620
621
625
626
627
628
629
630
631
632
633
634
635
636
637
639
640
641
642
643
644
645
646
647
648
649
650
651
652
653
654
655
656
657
658
659
660
661
662
663
664
665
666
667
668
669
670
671
672
673
674
675
676
677
678
679
680
682
683
685
687
688
689
691
692
693
694
695
696
697
698
699
700
701
702
703
704
705
706
707
708
709
710
712
713
714
715
716
717
718
719
721
722
723
725
726
727
729
731
733
734
736
738
739
740
742
743
744
745
746
747
748
749
750
751
752
753
754
755
756
757
758
759
760
761
762
763
764
765
766
767
768
769
770
772
773
774
775
776
777
778
779
780
781
782
783
784
785
787
788
789
790
791
793
794
795
796
797
798
799
800
801
802
803
804
805
806
809
810
812
813
815
816
817
818
819
821
824
825
826
827
829
830
831
832
833
834
835
836
837
838
840
841
843
844
845
846
847
848
849
850
851
852
853
854
855
856
857
858
859
860
861
863
864
868
869
870
871
873
874
875
876
877
878
879
880
881
882
884
886
887
890
891
892
893
894
895
896
898
899
901
902
904
906
907
908
910
911
913
914
915
916
917
919
921
922
924
925
926
927
928
930
931
932
935
936
937
938
941
942
943
946
947
948
949
950
951
952
954
957
958
959
960
961
962
965
966
967
969
971
974
975
976
978
980
981
982
983
984
985
986
987
988
990
991
992
993
994
995
997
998
1000
1002
1003
1004
1006
1008
1009
1010
1011
1012
1013
1014
1015
1016
1017
1019
1020
1021
1022
1024
1025
1026
1027
1028
1029
1031
1032
1034
1036
1037
1038
1039
1040
1041
1043
1044
1045
1046
1049
1051
1053
1054
1055
1056
1058
1059
1060
1061
1063
1064
1065
1066
1068
1069
1071
1072
1073
1074
1075
1077
1078
1081
1082
1083
1084
1086
1087
1089
1090
1091
1093
1094
1096
1098
1099
1102
1104
1105
1106
1107
1108
1109
1110
1111
1113
1114
1115
1116
1118
1119
1123
1124
1125
1126
1128
1129
1130
1131
1132
1133
1134
1135
1136
1138
1141
1142
1143
1144
1145
1147
1150
1151
1154
1157
1159
1160
1161
1162
1163
1165
1166
1167
1168
1169
1170
1171
1173
1174
1175
1176
1177
1178
1179
1180
1181
1183
1184
1185
1186
1189
1191
1192
1193
1194
1195
1197
1199
1200
1202
1204
1205
1206
1210
1211
1212
1213
1215
1216
1217
1218
1219
1220
1221
1222
1223
1224
1227
1228
1230
1231
1232
1233
1234
1236
1237
1239
1240
1243
1244
1245
1246
1247
1249
1253
1254
1255
1257
1258
1259
1260
1264
1265
1266
1267
1268
1271
1272
1275
1277
1278
1279
1280
1281
1283
1284
1285
1286
1288
1289
1290
1291
1293
1295
1296
1298
1300
1303
1304
1305
1306
1307
1309
1311
1312
1313
1314
1315
1316
1317
1318
1319
1320
1321
1322
1324
1325
1326
1327
1328
1335
1336
1337
1338
1339
1340
1341
1343
1344
1346
1348
1349
1350
1352
1355
1357
1358
1359
1361
1362
1363
1364
1365
1367
1370
1371
1373
1374
1375
1376
1378
1380
1381
1382
1384
1386
1387
1388
1390
1392
1395
1396
1398
1399
1400
1401
1403
1404
1405
1406
1407
1408
1409
1411
1414
1415
1416
1417
1418
1419
1422
1423
1424
1425
1427
1429
1431
1432
1433
1435
1436
1439
1440
1442
1443
1444
1445
1446
1447
1448
1449
1450
1451
1452
1453
1454
1455
1456
1457
1460
1461
1464
1465
1468
1469
1470
1471
1473
1475
1476
1477
1478
1479
1480
1481
1482
1483
1484
1485
1486
1488
1489
1490
1491
1492
1493
1494
1495
1496
1497
1498
1499
1501
1502
1505
1506
1507
1509
1511
1515
1517
1518
1519
1520
1521
1523
1525
1526
1527
1531
1532
1536
1537
1538
1540
1541
1542
1543
1544
1545
1546
1547
1548
1549
1550
1552
1554
1555
1556
1557
1558
1559
1562
1564
1565
1566
1567
1569
1571
1573
1574
1575
1576
1577
1578
1579
1583
1585
1586
1587
1589
1590
1591
1592
1593
1594
1595
1596
1597
1598
1599
1601
1603
1604
1605
1607
1608
1609
1611
1612
1613
1614
1616
1618
1620
1621
1622
1623
1626
1627
1628
1629
1630
1631
1633
1634
1635
1636
1637
1638
1639
1641
1642
1643
1644
1645
1646
1647
1648
1650
1651
1652
1653
1654
1655
1657
1658
1659
1661
1664
1665
1667
1668
1670
1671
1672
1673
1675
1676
1677
1678
1679
1680
1681
1682
1683
1685
1686
1688
1689
1690
1691
1692
1693
1694
1695
1696
1697
1698
1699
1700
1701
1702
1703
1704
1705
1706
1707
1709
1710
1711
1712
1713
1714
1715
1717
1718
1719
1720
1721
1722
1723
1724
1725
1726
1727
1728
1730
1731
1732
1733
1734
1735
1736
1737
1738
1739
1740
1741
1742
1743
1745
1746
1747
1748
1749
1751
1752
1753
1754
1755
1756
1758
1759
1760
1761
1762
1763
1764
1765
1766
1767
1768
1769
1770
1771
1772
1773
1774
1775
1778
1781
1782
1784
1785
1786
1787
1789
1790
1792
1793
1795
1796
1797
1798
1799
1801
1802
1804
1805
1806
1807
1809
1810
1811
1812
1813
1814
1816
1818
1819
1820
1821
1822
1823
1824
1825
1826
1827
1829
1830
1831
1832
1833
1834
1835
1836
1837
1838
1839
1840
1841
1842
1843
1845
1846
1847
1848
1849
1850
1851
1852
1853
1854
1855
1858
1859
1860
1861
1863
1864
1865
1866
1867
1868
1869
1870
1871
1872
1873
1875
1877
1879
1882
1883
1884
1885
1886
1887
1888
1890
1891
1892
1893
1894
1895
1896
1897
1898
1899
1900
1901
1902
1904
1905
1907
1908
1910
1911
1913
1914
1915
1916
1918
1919
1920
1921
1922
1923
1924
1926
1927
1928
1929
1930
1932
1934
1935
1938
1939
1941
1942
1943
1944
1945
1946
1947
1948
1949
1951
1952
1953
1954
1957
1958
1959
1961
1962
1963
1965
1968
1969
1970
1973
1974
1975
1976
1978
1979
1980
1981
1982
1983
1984
1985
1986
1988
1990
1991
1992
1993
1994
1995
1996
1997
1998
1999
2000
2001
2004
2006
2007
2008
2010
2011
2012
2013
2014
2015
2016
2017
2018
2019
2020
2022
2023
2024
2025
2026
2028
2029
2030
2033
2034
2035
2036
2037
2039
2040
2042
2043
2044
2045
2046
2047
2048
2049
2051
2052
2053
2054
2055
2056
2057
2058
2059
2060
2061
2062
2063
2064
2066
2067
2068
2069
2070
2071
2072
2073
2074
2075
2076
2077
2079
2081
2082
2083
2084
2085
2087
2089
2090
2091
2092
2093
2094
2095
2096
2097
2098
2099
2100
2101
2102
2104
2106
2108
2109
2110
2111
2113
2114
2116
2117
2118
2119
2121
2122
2123
2124
2125
2127
2128
2129
2130
2131
2132
2133
2136
2137
2139
2140
2141
2142
2144
2145
2148
2149
2151
2152
2153
2154
2155
2156
2157
2158
2160
2162
2163
2164
2165
2166
2167
2169
2170
2171
2172
2173
2174
2175
2177
2178
2179
2181
2182
2183
2185
2186
2187
2189
2190
2191
2192
2194
2195
2196
2198
2199
2201
2202
2203
2206
2207
2208
2209
2210
2211
2212
2215
2217
2218
2219
2220
2221
2222
2223
2225
2226
2227
2228
2229
2230
2231
2232
2233
2234
2235
2236
2237
2238
2239
2240
2241
2243
2245
2246
2247
2250
2251
2252
2253
2255
2257
2258
2259
2260
2261
2263
2264
2265
2266
2267
2269
2270
2271
2272
2274
2275
2276
2277
2278
2279
2281
2283
2285
2286
2287
2288
2289
2292
2293
2295
2298
2302
2303
2304
2305
2306
2307
2308
2309
2310
2311
2312
2313
2314
2316
2317
2318
2319
2320
2321
2322
2323
2324
2325
2326
2327
2328
2329
2330
2331
2332
2333
2335
2336
2338
2339
2340
2342
2343
2344
2347
2348
2350
2351
2352
2353
2355
2356
2359
2360
2361
2363
2364
2365
2366
2367
2368
2370
2372
2373
2376
2377
2378
2381
2382
2383
2385
2386
2387
2388
2389
2390
2391
2392
2394
2396
2397
2398
2399
2400
2401
2402
2406
2407
2408
2409
2410
2411
2412
2414
2416
2417
2418
2419
2420
2422
2424
2426
2428
2429
2430
2431
2432
2435
2438
2439
2441
2442
2443
2444
2446
2447
2449
2450
2451
2452
2453
2454
2455
2456
2457
2458
2460
2462
2463
2465
2466
2467
2469
2470
2471
2472
2476
2477
2478
2479
2480
2481
2482
2483
2484
2485
2486
2487
2488
2489
2490
2491
2492
2493
2494
2495
2496
2497
2498
2499
2500
2503
2504
2506
2507
2509
2511
2512
2513
2514
2515
2516
2517
2518
2519
2522
2523
2524
2525
2526
2527
2528
2529
2532
2536
2537
2538
2539
2542
2543
2544
2546
2547
2548
2549
2551
2552
2553
2554
2556
2557
2558
2559
2560
2561
2563
2565
2566
2568
2569
2570
2571
2572
2573
2575
2576
2577
2578
2579
2580
2581
2582
2585
2587
2588
2590
2591
2592
2593
2594
2595
2596
2597
2599
2600
2601
2602
2603
2604
2605
2607
2608
2609
2612
2614
2615
2617
2618
2619
2620
2621
2622
2624
2625
2626
2628
2630
2632
2633
2634
2635
2636
2637
2638
2639
2640
2641
2643
2644
2645
2646
2647
2648
2649
2652
2655
2656
2657
2658
2661
2662
2664
2665
2666
2667
2668
2669
2670
2671
2673
2674
2675
2676
2677
2678
2679
2680
2681
2683
2684
2686
2687
2688
2689
2690
2693
2694
2695
2696
2697
2698
2699
2700
2701
2702
2703
2704
2705
2706
2708
2710
2711
2712
2713
2718
2719
2720
2721
2722
2723
2725
2726
2727
2728
2729
2730
2731
2732
2735
2736
2737
2738
2741
2742
2743
2745
2751
2752
2753
2754
2756
2758
2759
2760
2761
2763
2765
2767
2768
2769
2771
2772
2775
2776
2777
2779
2780
2781
2782
2783
2784
2785
2786
2787
2789
2790
2791
2792
2793
2794
2795
2796
2798
2799
2800
2801
2803
2805
2806
2808
2809
2810
2811
2812
2815
2817
2822
2825
2826
2827
2828
2829
2830
2831
2832
2834
2835
2836
2837
2839
2841
2842
2843
2844
2845
2846
2847
2848
2850
2851
2852
2854
2855
2857
2859
2860
2862
2863
2864
2865
2866
2867
2868
2869
2870
2871
2872
2873
2875
2877
2878
2880
2883
2884
2886
2887
2888
2889
2893
2895
2896
2897
2898
2899
2901
2904
2905
2906
2908
2909
2910
2912
2913
2915
2916
2917
2919
2920
2921
2922
2924
2927
2928
2929
2930
2931
2933
2934
2935
2936
2937
2938
2940
2942
2944
2946
2947
2948
2952
2953
2956
2957
2958
2959
2961
2962
2963
2966
2967
2968
2969
2971
2972
2974
2975
2976
2977
2979
2980
2982
2983
2986
2987
2990
2991
2994
2995
2996
2997
2998
2999
3000
3003
3004
3005
3006
3008
3009
3010
3011
3013
3014
3015
3017
3018
3019
3020
3023
3024
3025
3026
3027
3028
3031
3032
3033
3037
3038
3039
3041
3042
3044
3045
3046
3047
3048
3049
3050
3052
3053
3055
3056
3057
3058
3059
3060
3063
3064
3065
3066
3067
3068
3069
3070
3072
3073
3074
3075
3076
3079
3081
3083
3084
3085
3086
3087
3089
3090
3093
3094
3095
3096
3097
3098
3099
3100
3101
3102
3103
3104
3105
3106
3107
3108
3110
3111
3112
3113
3114
3115
3116
3117
3118
3119
3121
3122
3124
3125
3126
3127
3128
3129
3131
3133
3134
3138
3140
3141
3143
3144
3145
3146
3147
3148
3149
3150
3151
3152
3154
3155
3156
3158
3159
3160
3161
3162
3163
3164
3165
3166
3167
3168
3169
3171
3172
3173
3174
3175
3176
3177
3178
3179
3180
3181
3182
3183
3184
3185
3186
3187
3188
3189
3190
3191
3192
3193
3194
3195
3196
3197
3198
3199
3200
3201
3202
3203
3204
3205
3206
3207
3208
3209
3210
3211
3212
3213
3214
3215
3216
3217
3218
3219
3220
3221
3222
3223
3224
3225
3226
3227
3228
3229
3230
3232
3233
3234
3235
3236
3237
3238
3239
3241
3243
3247
3248
3249
3250
3252
3254
3256
3257
3259
3260
3261
3265
3266
3268
3270
3271
3272
3273
3274
3276
3277
3278
3279
3290
3291
3292
3294
3295
3296
3297
3298
3299
3316
3317
3318
3320
3321
3323
3324
3325
3328
3329
3331
3334
3335
3336
3337
3338
3339
3340
3341
3342
3343
3344
3355
3356
3357
3360
3362
3363
3364
3365
3367
3368
3369
3373
3374
3376
3377
3379
3381
3383
3384
3385
3386
3403
3404
3405
3406
3407
3408
3409
3412
3416
3417
3418
3419
3420
3421
3422
3423
3424
3425
3427
3428
3429
3430
3431
3432
3433
3434
3435
3436
3437
3438
3439
3440
3441
3442
3444
3445
3446
3447
3448
3449
3450
3452
3453
3454
3468
3469
3470
3471
3473
3474
3475
3476
3477
3478
3479
3480
3482
3483
3485
3486
3487
3488
3489
3490
3491
3492
3493
3495
3496
3497
3498
3499
3500
3501
3502
3504
3505
3514
3515
3517
3531
3532
3533
3534
3535
3536
3538
3539
3540
3541
3542
3543
3544
3546
3557
3558
3559
3561
3562
3563
3564
3565
3566
3568
3569
3570
3571
3572
3573
3574
3575
3576
3577
3578
3579
3581
3583
3586
3594
3595
3597
3598
3599
3600
3601
3603
3604
3607
3625
3626
3627
3628
3629
3630
3632
3633
3634
3635
3636
3637
3638
3639
3641
3642
3643
3644
3645
3646
3648
3649
3650
3653
3654
3655
3657
3659
3660
3661
3662
3672
3673
3675
3690
3691
3692
3693
3694
3695
3696
3697
3698
3699
3700
3706
3707
3709
3711
3712
3714
3715
3716
3718
3719
3720
3721
3722
3724
3725
3726
3727
3729
3730
3731
3733
3734
3735
3737
3738
3739
3741
3742
3743
3745
3747
3748
3749
3751
3753
3755
3756
3757
3768
3769
3770
3771
3772
3774
3776
3777
3778
3780
3781
3800
3801
3802
3803
3805
3806
3808
3809
3810
3811
3813
3814
3815
3816
3817
3818
3819
3820
3821
3822
3824
3826
3828
3829
3831
3832
3834
3835
3837
3838
3839
3840
3841
3843
3846
3847
3849
3850
3851
3853
3854
3855
3857
3858
3859
3861
3862
3863
3865
3866
3868
3869
3884
3885
3886
3888
3890
3899
3900
3902
3903
3904
3905
3906
3908
3909
3925
3926
3928
3929
3930
3931
3932
3933
3934
3935
3936
3937
3938
3939
3941
3942
3943
3944
3945
3946
3948
3950
3951
3952
3954
3955
3956
3958
3959
3961
3962
3963
3965
3966
3967
3969
3980
3981
3982
3993
3994
3996
3998
3999
4001
4002
4003
4004
4005
4006
4008
4009
4010
4011
4012
4013
4015
4016
4017
4019
4021
4022
4024
4025
4026
4028
4039
4040
4042
4043
4044
4046
4047
4048
4050
4051
4052
4053
4054
4056
4057
4059
4061
4062
4064
4090
4091
4093
4094
4095
4096
4098
4099
4101
4102
4103
4105
4106
4107
4108
4109
4111
4113
4119
4120
4121
4122
4123
4125
4126
4128
4129
4130
4132
4134
4147
4148
4149
4151
4152
4153
4154
4156
4157
4158
4159
4161
4162
4163
4164
4165
4167
4168
4169
4170
4171
4173
4175
4176
4177
4179
4189
4190
4192
4193
4194
4196
4197
4198
4199
4200
4201
4203
4205
4206
4208
4209
4210
4212
4223
4224
4226
4227
4228
4230
4231
4233
4234
4235
4237
4247
4249
4250
4251
4252
4254
4269
4270
4272
4273
4274
4275
4276
4277
4278
4280
4281
4282
4283
4284
4285
4286
4287
4288
4290
4291
4292
4294
4295
4297
4298
4300
4301
4302
4303
4304
4305
4307
4308
4310
4312
4313
4314
4315
4317
4319
4320
4321
4322
4324
4325
4326
4328
4350
4351
4353
4363
4364
4365
4366
4367
4369
4370
4371
4372
4373
4374
4376
4377
4378
4380
4381
4383
4384
4386
4387
4388
4390
4399
4400
4402
4403
4404
4405
4407
4409
4410
4412
4413
4415
4416
4418
4419
4420
4421
4423
4424
4433
4434
4436
4437
4438
4439
4440
4441
4443
4445
4446
4447
4448
4449
4462
4463
4465
4466
4467
4468
4470
4471
4472
4473
4483
4484
4486
4488
4489
4491
4492
4493
4494
4495
4496
4497
4498
4500
4501
4502
4504
4505
4506
4508
4509
4510
4522
4523
4524
4525
4527
4528
4530
4531
4532
4533
4535
4536
4537
4538
4540
4541
4543
4544
4545
4547
4570
4571
4573
4574
4575
4576
4578
4580
4581
4583
4584
4595
4596
4598
4600
4602
4603
4604
4605
4606
4607
4608
4610
4611
4613
4621
4622
4623
4624
4626
4627
4628
4629
4630
4632
4633
4634
4635
4636
4638
4639
4640
4642
4643
4644
4646
4648
4650
4651
4661
4662
4663
4665
4667
4679
4680
4681
4682
4683
4684
4685
4686
4688
4689
4690
4692
4694
4695
4696
4699
4700
4701
4703
4704
4705
4707
4708
4709
4711
4712
4713
4714
4715
4716
4718
4720
4721
4723
4724
4725
4727
4739
4740
4741
4743
4744
4746
4756
4757
4759
4760
4762
4763
4764
4765
4766
4767
4768
4770
4772
4773
4774
4776
4777
4778
4780
4792
4793
4795
4802
4803
4804
4805
4806
4808
4809
4811
4812
4813
4814
4825
4826
4827
4828
4830
4831
4832
4834
4835
4836
4837
4838
4839
4841
4842
4844
4845
4846
4848
4849
4850
4851
4853
4854
4855
4857
4859
4861
4862
4863
4865
4866
4869
4870
4871
4873
4874
4883
4885
4886
4887
4888
4890
4892
4909
4910
4911
4912
4921
4922
4923
4924
4926
4927
4928
4930
4932
4933
4935
4936
4938
4939
4941
4942
4943
4945
4946
4961
4962
4964
4965
4966
4968
4969
4970
4972
4973
4975
4976
4977
4979
4981
4982
4984
4986
4987
4989
4990
4991
4993
4994
4996
4997
4998
5000
5009
5010
5012
5014
5016
5018
5019
5020
5021
5023
5032
5033
5035
5036
5038
5039
5040
5041
5043
5044
5046
5047
5049
5050
5052
5054
5056
5058
5066
5068
5069
5080
5081
5083
5084
5086
5087
5089
5091
5093
5094
5095
5097
5098
5099
5101
5102
5103
5105
5125
5126
5127
5128
5129
5131
5132
5134
5135
5136
5138
5147
5148
5150
5153
5155
5156
5157
5158
5159
5161
5162
5163
5164
5165
5166
5167
5170
5179
5180
5181
5183
5184
5186
5197
5198
5200
5202
5203
5204
5205
5206
5208
5210
5212
5213
5215
5216
5218
5219
5220
5221
5223
5225
5226
5227
5228
5230
5231
5233
5234
5236
5238
5239
5241
5242
5244
5245
5246
5257
5259
5260
5261
5262
5264
5274
5275
5276
5278
5279
5280
5281
5282
5283
5285
5287
5288
5289
5290
5292
5294
5295
5309
5310
5312
5340
5341
5343
5344
5345
5346
5348
5349
5351
5352
5354
5355
5357
5358
5359
5361
5362
5364
5365
5366
5367
5381
5382
5383
5384
5385
5387
5388
5389
5390
5403
5405
5416
5417
5419
5420
5421
5423
5424
5425
5427
5428
5430
5431
5432
5433
5434
5435
5445
5446
5448
5449
5451
5452
5453
5454
5456
5457
5458
5459
5461
5463
5464
5465
5466
5478
5480
5481
5482
5483
5484
5485
5486
5499
5500
5502
5503
5504
5505
5506
5507
5508
5509
5510
5511
5512
5513
5515
5516
5535
5536
5537
5539
5540
5543
5544
5545
5547
5549
5550
5551
5553
5554
5556
5557
5558
5559
5560
5562
5563
5565
5566
5567
5569
5570
5571
5573
5575
5576
5577
5578
5579
5580
5582
5583
5585
5587
5588
5590
5592
5593
5595
5596
5597
5599
5608
5609
5611
5621
5622
5624
5625
5626
5628
5631
5632
5634
5636
5637
5638
5639
5640
5642
5643
5655
5656
5658
5659
5660
5662
5669
5670
5672
5673
5675
5676
5692
5694
5695
5696
5697
5698
5700
5702
5703
5704
5706
5707
5708
5710
5711
5727
5729
5730
5731
5732
5733
5744
5745
5747
5749
5750
5752
5753
5754
5755
5766
5767
5768
5776
5777
5779
5788
5789
5791
5792
5793
5795
5797
5798
5799
5800
5801
5803
5804
5805
5807
5809
5818
5819
5821
5822
5823
5824
5826
5827
5828
5830
5831
5833
5834
5838
5839
5841
5842
5844
5846
5847
5849
5869
5870
5871
5881
5882
5884
5885
5886
5887
5888
5889
5890
5892
5893
5894
5896
5898
5900
5913
5914
5915
5917
5918
5920
5922
5923
5925
5926
5927
5929
5930
5946
5947
5949
5951
5952
5953
5956
5957
5958
5959
5960
5962
5963
5964
5966
5967
5968
5970
5972
5973
5975
5977
5979
5981
5982
5984
5986
5987
5994
5995
5996
5997
5999
6001
6002
6003
6004
6005
6006
6008
6009
6010
6013
6015
6016
6017
6019
6021
6022
6024
6026
6027
6030
6031
6032
6034
6036
6037
6039
6049
6052
6053
6054
6055
6058
6059
6060
6063
6081
6083
6085
6086
6087
6089
6091
6093
6095
6096
6097
6099
6100
6101
6103
6105
6106
6107
6108
6110
6124
6126
6127
6128
6129
6131
6138
6140
6142
6158
6159
6161
6163
6164
6165
6166
6167
6168
6170
6172
6173
6175
6176
6178
6179
6180
6181
6182
6183
6186
6187
6189
6190
6192
6193
6208
6210
6211
6212
6214
6216
6218
6219
6220
6221
6222
6225
6226
6228
6230
6231
6233
6234
6251
6253
6254
6255
6256
6258
6261
6262
6264
6274
6275
6277
6278
6289
6290
6293
6294
6304
6305
6307
6309
6311
6312
6313
6314
6316
6317
6319
6321
6322
6324
6325
6327
6329
6330
6331
6332
6333
6335
6338
6340
6342
6343
6344
6347
6348
6349
6350
6351
6353
6355
6356
6358
6360
6362
6365
6366
6367
6369
6371
6372
6373
6375
6401
6403
6404
6406
6408
6409
6410
6412
6413
6414
6416
6417
6418
6419
6421
6422
6423
6424
6425
6427
6429
6430
6431
6433
6434
6435
6436
6438
6439
6440
6441
6443
6445
6446
6449
6450
6451
6452
6454
6455
6456
6457
6459
6460
6461
6464
6466
6467
6469
6470
6473
6479
6480
6481
6486
6487
6488
6490
6492
6493
6495
6496
6497
6499
6500
6502
6503
6504
6506
6507
6509
6510
6512
6513
6514
6516
6517
6518
6520
6521
6525
6527
6529
6531
6533
6535
6536
6537
6540
6541
6543
6544
6546
6548
6549
6550
6552
6554
6555
6556
6557
6559
6561
6563
6566
6567
6568
6570
6571
6574
6575
6577
6581
6583
6584
6585
6586
6587
6589
6591
6592
6593
6595
6596
6598
6600
6603
6605
6607
6608
6609
6610
6612
6613
6614
6615
6616
6617
6619
6620
6621
6623
6624
6626
6627
6628
6630
6634
6635
6636
6637
6639
6640
6641
6643
6644
6646
6647
6648
6649
6651
6654
6655
6656
6658
6661
6662
6664
6665
6669
6670
6672
6673
6674
6676
6677
6679
6680
6682
6683
6684
6685
6687
6688
6689
6691
6693
6695
6698
6699
6700
6701
6704
6707
6708
6711
6713
6718
6719
6721
6734
6736
6737
6739
6740
6747
6749
6751
6752
6758
6760
6763
6765
6767
6768
6770
6771
6772
6773
6780
6781
6783
6784
6785
6787
6790
6792
6793
6794
6795
6797
6798
6799
6800
6802
6803
6805
6806
6807
6808
6809
6811
6814
6817
6818
6820
6821
6822
6823
6825
6829
6830
6833
6834
6836
6838
6840
6841
6843
6844
6846
6847
6848
6853
6854
6855
6856
6858
6859
6860
6863
6864
6866
6867
6869
6870
6872
6873
6876
6877
6879
6880
6881
6884
6891
6892
6894
6899
6900
6902
6903
6905
6908
6910
6911
6915
6917
6918
6920
6922
6923
6924
6925
6927
6929
6931
6932
6934
6943
6944
6946
6947
6949
6950
6952
6955
6956
6957
6968
6970
6971
6972
6973
6976
6979
6980
6982
6988
6991
7001
7002
7005
7006
7014
7016
7017
7019
7020
7021
7023
7029
7031
7032
7033
7041
7044
7045
7046
7048
7049
7050
7053
7055
7057
7069
7070
7071
7072
7074
7075
7077
7080
7081
7082
7083
7084
7088
7091
7093
7094
7096
7097
7099
7100
7103
7105
7107
7108
7110
7114
7115
7116
7119
7120
7122
7124
7125
7126
7128
7130
7132
7133
7134
7136
7137
7138
7140
7142
7143
7144
7146
7148
7151
7152
7153
7154
7157
7158
7159
7160
7161
7163
7164
7167
7169
7170
7173
7174
7177
7179
7180
7182
7184
7186
7188
7190
7192
7195
7196
7198
7199
7200
7202
7203
7207
7208
7209
7212
7213
7214
7215
7218
7219
7221
7222
7223
7224
7226
7227
7228
7229
7231
7232
7233
7234
7235
7237
7238
7239
7246
7247
7249
7253
7254
7255
7257
7258
7259
7261
7262
7265
7266
7267
7270
7271
7273
7274
7276
7277
7279
7280
7283
7284
7286
7288
7289
7290
7291
7293
7295
7297
7298
7300
7301
7303
7306
7307
7308
7309
7311
7313
7314
7315
7326
7327
7329
7331
7333
7334
7336
7337
7340
7342
7343
7345
7347
7349
7355
7357
7361
7362
7367
7369
7370
7372
7373
7375
7378
7379
7381
7383
7385
7386
7387
7389
7391
7392
7395
7397
7398
7399
7401
7403
7405
7406
7407
7409
7410
7414
7415
7416
7419
7420
7421
7424
7425
7427
7428
7429
7431
7449
7451
7453
7454
7455
7457
7465
7466
7468
7470
7472
7473
7485
7486
7487
7488
7490
7491
7496
7499
7501
7503
7504
7506
7507
7510
7511
7514
7519
7520
7523
7535
7536
7537
7538
7540
7541
7542
7543
7545
7546
7549
7550
7552
7554
7562
7563
7565
7567
7568
7569
7570
7572
7574
7575
7577
7578
7580
7582
7584
7585
7586
7588
7590
7591
7592
7594
7596
7597
7598
7599
7600
7602
7605
7606
7608
7610
7611
7618
7619
7620
7622
7623
7625
7626
7632
7633
7635
7637
7638
7640
7642
7643
7644
7646
7647
7649
7651
7654
7655
7657
7659
7661
7663
7666
7667
7668
7673
7675
7676
7678
7680
7682
7684
7687
7690
7692
7695
7697
7699
7700
7702
7705
7706
7707
7708
7710
7712
7714
7716
7717
7720
7721
7723
7726
7727
7728
7730
7731
7732
7734
7735
7745
7748
7750
7752
7753
7755
7775
7777
7778
7781
7782
7784
7785
7787
7789
7792
7793
7796
7805
7806
7809
7810
7812
7815
7816
7817
7819
7820
7822
7826
7827
7828
7830
7831
7832
7836
7837
7838
7839
7841
7843
7844
7845
7846
7848
7849
7855
7856
7859
7869
7870
7871
7872
7873
7875
7895
7896
7898
7902
7903
7904
7906
7908
7910
7911
7913
7914
7915
7917
7918
7920
7921
7923
7925
7927
7928
7930
7932
7933
7935
7946
7948
7949
7950
7952
7953
7963
7965
7966
7967
7970
7971
7972
7982
7984
7995
7996
7998
8001
8002
8004
8005
8008
8009
8011
8015
8017
8018
8020
8022
8023
8035
8036
8038
8039
8040
8042
8043
8045
8047
8048
8049
8051
8052
8053
8056
8057
8058
8059
8065
8066
8069
8082
8083
8084
8085
8086
8088
8098
8100
8102
8104
8105
8106
8108
8110
8112
8114
8116
8117
8118
8120
8121
8132
8133
8135
8136
8138
8139
8142
8143
8144
8154
8155
8156
8159
8160
8161
8162
8163
8164
8165
8167
8168
8170
8187
8188
8189
8191
8193
8194
8197
8198
8201
8215
8216
8218
8219
8220
8222
8223
8224
8226
8227
8228
8229
8230
8232
8233
8236
8237
8239
8240
8242
8243
8244
8246
8257
8259
8276
8278
8279
8281
8283
8284
8286
8287
8288
8290
8293
8295
8296
8297
8298
8301
8302
8303
8304
8305
8328
8329
8331
8332
8333
8334
8336
8338
8339
8341
8343
8354
8355
8366
8368
8387
8388
8390
8392
8393
8394
8396
8397
8399
8410
8411
8418
8419
8420
8423
8424
8425
8427
8428
8429
8430
8432
8433
8436
8437
8439
8440
8443
8444
8448
8450
8451
8453
8455
8457
8458
8460
8462
8463
8471
8472
8474
8475
8478
8479
8480
8482
8483
8485
8487
8490
8491
8494
8495
8496
8497
8505
8506
8507
8510
8511
8520
8521
8523
8524
8531
8533
8534
8535
8536
8538
8541
8542
8547
8548
8550
8559
8561
8562
8563
8564
8566
8567
8568
8570
8571
8573
8574
8577
8578
8580
8581
8583
8584
8586
8588
8590
8591
8592
8594
8597
8599
8600
8601
8603
8612
8613
8614
8616
8618
8619
8621
8624
8625
8627
8629
8630
8632
8641
8644
8646
8647
8648
8650
8651
8653
8654
8658
8659
8660
8662
8664
8665
8667
8668
8669
8671
8679
8681
8682
8684
8688
8689
8690
8700
8702
8703
8713
8714
8716
8718
8719
8722
8725
8726
8728
8731
8732
8733
8734
8735
8737
8738
8739
8742
8753
8754
8756
8758
8759
8761
8762
8764
8765
8767
8768
8770
8771
8787
8788
8790
8800
8801
8802
8803
8814
8817
8818
8820
8822
8823
8825
8826
8828
8829
8830
8831
8841
8842
8845
8846
8847
8849
8850
8851
8853
8854
8856
8857
8868
8870
8872
8875
8876
8878
8880
8881
8882
8884
8894
8895
8897
8900
8901
8903
8904
8913
8914
8915
8916
8917
8919
8922
8923
8924
8925
8927
8928
8929
8930
8932
8944
8945
8947
8949
8950
8951
8953
8970
8971
8973
8975
8976
8977
8978
8979
8981
8983
8985
8986
8987
8998
9000
9001
9002
9004
9006
9012
9014
9015
9017
9019
9021
9023
9028
9030
9031
9033
9034
9035
9049
9050
9051
9062
9064
9065
9066
9068
9070
9086
9088
9090
9100
9101
9103
9104
9106
9107
9108
9109
9112
9113
9114
9117
9118
9119
9122
9123
9125
9126
9128
9129
9130
9131
9133
9134
9135
9137
9143
9144
9146
9147
9148
9150
9152
9153
9155
9156
9157
9158
9160
9163
9164
9173
9174
9176
9179
9180
9182
9203
9205
9206
9207
9209
9211
9214
9215
9216
9226
9227
9228
9230
9233
9235
9237
9239
9240
9241
9243
9244
9245
9248
9250
9252
9254
9255
9256
9258
9259
9261
9262
9263
9264
9266
9275
9276
9277
9293
9294
9296
9297
9298
9300
9301
9304
9306
9307
9308
9310
9311
9312
9313
9314
9325
9326
9328
9346
9347
9349
9351
9352
9353
9355
9371
9372
9374
9375
9389
9390
9399
9401
9402
9403
9404
9406
9409
9411
9413
9415
9416
9417
9418
9420
9421
9423
9424
9438
9439
9441
9443
9444
9445
9446
9448
9449
9450
9452
9453
9456
9457
9459
9460
9463
9464
9466
9468
9469
9471
9473
9474
9477
9478
9493
9495
9496
9497
9498
9500
9502
9505
9508
9509
9510
9512
9514
9515
9516
9519
9521
9522
9523
9525
9526
9528
9529
9530
9531
9533
9543
9544
9545
9546
9547
9550
9551
9552
9554
9555
9556
9557
9558
9574
9576
9578
9586
9588
9590
9591
9593
9594
9595
9597
9600
9601
9603
9604
9606
9607
9618
9619
9621
9622
9638
9639
9642
9643
9644
9646
9657
9658
9659
9671
9672
9674
9675
9677
9678
9679
9681
9682
9683
9685
9705
9706
9707
9708
9709
9711
9713
9714
9715
9717
9719
9720
9721
9730
9731
9733
9734
9736
9739
9740
9742
9744
9745
9746
9748
9750
9751
9753
9754
9755
9757
9758
9759
9760
9762
9763
9764
9766
9767
9768
9769
9771
9772
9789
9791
9792
9793
9794
9795
9805
9806
9808
9809
9810
9813
9815
9816
9817
9819
9820
9822
9824
9825
9826
9827
9829
9842
9843
9844
9846
9848
9850
9862
9864
9867
9868
9870
9889
9890
9892
9893
9894
9895
9896
9897
9899
9900
9901
9902
9903
9904
9906
9908
9918
9919
9920
9946
9947
9948
9949
9950
9952
9953
9954
9955
9957
9966
9967
9968
9970
9971
9972
9974
9975
9977
9979
9980
9981
9983
10014
10015
10016
10017
10020
10021
10022
10025
10026
10028
10029
10030
10031
10048
10049
10051
10053
10055
10056
10080
10082
10083
10084
10085
10093
10094
10095
10096
10098
10099
10100
10101
10103
10105
10106
10108
10109
10111
10112
10123
10124
10126
10127
10129
10130
10132
10133
10135
10136
10137
10139
10140
10142
10154
10155
10156
10157
10160
10161
10163
10164
10165
10166
10168
10169
10178
10179
10181
10189
10190
10192
10194
10195
10197
10198
10207
10208
10209
10210
10221
10223
10244
10245
10247
10248
10249
10250
10251
10252
10253
10255
10256
10257
10259
10262
10263
10265
10276
10277
10278
10291
10292
10293
10294
10295
10296
10297
10299
10300
10301
10302
10304
10305
10307
10308
10309
10310
10312
10314
10315
10317
10319
10321
10322
10324
10325
10326
10328
10330
10332
10333
10335
10336
10337
10338
10339
10350
10351
10353
10354
10355
10358
10360
10361
10362
10364
10366
10367
10369
10370
10372
10427
10428
10430
10431
10432
10434
10435
10436
10438
10439
10441
10442
10444
10445
10446
10448
10450
10451
10452
10453
10455
10456
10457
10459
10469
10470
10471
10472
10473
10475
10488
10490
10491
10503
10504
10506
10507
10509
10510
10511
10512
10514
10527
10528
10547
10549
10550
10560
10561
10563
10564
10565
10566
10568
10569
10570
10582
10583
10584
10585
10586
10588
10589
10590
10592
10594
10595
10597
10598
10599
10600
10611
10612
10614
10637
10638
10640
10643
10644
10646
10656
10657
10658
10660
10661
10664
10665
10667
10669
10671
10672
10681
10683
10684
10699
10700
10702
10703
10704
10705
10706
10708
10709
10711
10724
10725
10727
10735
10737
10738
10740
10741
10742
10743
10744
10745
10756
10758
10759
10767
10769
10791
10792
10795
10796
10798
10799
10810
10812
10813
10814
10815
10816
10818
10819
10821
10822
10825
10826
10831
10832
10833
10834
10835
10837
10838
10839
10840
10841
10842
10843
10844
10845
10846
10848
10849
10850
10851
10852
10854
10864
10865
10867
10868
10887
10888
10891
10893
10894
10895
10896
10897
10898
10899
10900
10901
10902
10904
10905
10907
10908
10929
10930
10931
10932
10933
10935
10936
10938
10939
10941
10943
10944
10954
10956
10957
10967
10968
10969
10983
10984
10985
10986
10987
10988
10989
10991
10992
11003
11004
11006
11007
11008
11009
11010
11029
11030
11031
11033
11034
11036
11049
11050
11051
11053
11054
11055
11057
11058
11059
11060
11062
11065
11066
11067
11068
11069
11070
11071
11072
11074
11077
11078
11079
11081
11082
11084
11085
11087
11088
11089
11090
11091
11092
11093
11094
11096
11097
11098
11100
11102
11104
11105
11107
11108
11109
11110
11111
11112
11113
11114
11115
11117
11136
11137
11138
11139
11140
11159
11160
11161
11162
11163
11165
11166
11185
11186
11187
11189
11190
11191
11192
11193
11194
11196
11197
11206
11207
11208
11220
11221
11222
11223
11225
11226
11228
11229
11231
11232
11234
11235
11237
11238
11240
11241
11242
11243
11246
11248
11249
11251
11252
11253
11254
11255
11256
11257
11259
11260
11263
11264
11265
11267
11269
11270
11272
11282
11283
11285
11286
11287
11289
11290
11291
11292
11294
11295
11297
11298
11299
11300
11301
11302
11303
11304
11305
11306
11308
11309
11310
11312
11313
11314
11315
11316
11317
11318
11319
11321
11322
11323
11326
11327
11328
11341
11342
11344
11345
11347
11348
11374
11375
11377
11378
11379
11380
11381
11382
11383
11384
11397
11398
11399
11410
11411
11412
11441
11442
11446
11460
11461
11463
11466
11467
11468
11470
11471
11475
11476
11477
11478
11479
11480
11481
11488
11489
11499
11500
11501
11502
11503
11505
11506
11507
11508
11536
11537
11538
11539
11540
11542
11576
11577
11578
11579
11580
11581
11582
11583
11584
11586
11596
11597
11598
11599
11600
11601
11603
11604
11605
11606
11608
11609
11611
11612
11613
11614
11615
11618
11620
11621
11624
11625
11626
11627
11628
11629
11630
11631
11632
11633
11635
11636
11637
11639
11654
11655
11656
11663
11664
11666
11667
11669
11670
11673
11675
11677
11678
11680
11682
11683
11684
11685
11686
11703
11704
11705
11712
11713
11715
11719
11720
11723
11724
11725
11726
11727
11728
11739
11740
11741
11753
11754
11755
11765
11767
11768
11769
11770
11771
11773
11774
11775
11776
11778
11779
11780
11781
11783
11784
11785
11787
11788
11789
11790
11828
11829
11830
11843
11844
11845
11846
11847
11849
11850
11851
11852
11862
11863
11865
11866
11867
11868
11869
11870
11871
11872
11873
11875
11876
11879
11880
11881
11882
11883
11885
11886
11887
11888
11889
11890
11892
11893
11894
11896
11898
11899
11900
11901
11902
11903
11904
11912
11913
11914
11926
11928
11929
11930
11931
11932
11934
11935
11937
11938
11949
11950
11951
11952
11953
11954
11955
11956
11958
11966
11967
11968
11969
11970
11972
11973
11974
11975
11976
11977
11978
11979
11980
11986
11987
11989
12004
12005
12006
12018
12019
12020
12021
12022
12023
12024
12025
12026
12027
12028
12030
12058
12059
12060
12061
12062
12063
12064
12065
12066
12067
12068
12069
12070
12071
12073
12074
12075
12076
12085
12087
12088
12089
12090
12091
12092
12095
12096
12098
12099
12101
12102
12103
12104
12105
12106
12107
12108
12109
12111
12112
12113
12122
12123
12124
12125
12126
12128
12129
12130
12131
12133
12135
12136
12138
12139
12140
12142
12143
12144
12146
12148
12149
12150
12151
12152
12153
12166
12167
12169
12171
12172
12173
12174
12175
12177
12178
12179
12180
12181
12182
12183
12184
12185
12195
12196
12198
12199
12201
12204
12205
12206
12207
12208
12209
12220
12221
12239
12241
12242
12243
12244
12245
12258
12259
12260
12261
12262
12263
12274
12275
12276
12277
12278
12279
12280
12281
12282
12283
12284
12285
12286
12292
12293
12294
12295
12297
12298
12301
12302
12304
12305
12306
12307
12308
12309
12310
12311
12312
12314
12315
12316
12317
12318
12319
12320
12321
12322
12323
12324
12328
12329
12331
12332
12333
12334
12346
12347
12349
12351
12352
12353
12354
12355
12356
12357
12358
12359
12360
12361
12362
12363
12364
12365
12367
12369
12371
12372
12374
12375
12376
12377
12378
12379
12380
12381
12382
12383
12384
12385
12386
12387
12388
12389
12390
12391
12393
12394
12395
12396
12397
12398
12399
12400
12401
12402
12403
12404
12405
12406
12408
12409
12420
12421
12422
12423
12424
12425
12426
12428
12429
12430
12431
12432
12433
12434
12435
12436
12437
12438
12439
12440
12445
12446
12447
12448
12449
12450
12451
12452
12453
12454
12455
12456
12457
12459
12460
12461
12462
12463
12464
12465
12466
12467
12468
12469
12470
12471
12472
12473
12474
12475
12476
12477
12478
12479
12480
12481
12482
12493
12495
12497
12499
12500
12501
12502
12503
12504
12505
12507
12509
12510
12511
12512
12513
12515
12516
12518
12519
12520
12521
12522
12523
12524
12525
12526
12527
12528
12529
12530
12531
12532
12533
12534
12535
12536
12537
12548
12549
12550
12551
12552
12553
12554
12555
12556
12557
12558
12559
12560
12568
12569
12571
12573
12574
12575
12578
12579
12580
12581
12583
12584
12585
12586
12587
12588
12589
12590
12601
12602
12603
12604
12605
12606
12607
12608
12609
12611
12613
12614
12615
12616
12617
12618
12619
12620
12621
12622
12623
12624
12625
12626
12627
12628
12629
12631
12632
12633
12634
12635
12636
12637
12638
12639
12640
12641
12642
12662
12663
12665
12686
12687
12688
12689
12701
12703
12704
12706
12708
12709
12710
12711
12712
12713
12714
12715
12716
12725
12726
12727
12728
12729
12730
12739
12740
12741
12742
12743
12755
12756
12757
12758
12759
12761
12762
12763
12764
12765
12766
12767
12768
12769
12776
12777
12778
12779
12781
12782
12793
12795
12796
12797
12798
12799
12800
12801
12802
12803
12804
12806
12807
12816
12817
12818
12819
12820
12822
12823
12824
12825
12826
12827
12828
12829
12830
12831
12832
12833
12843
12854
12855
12856
12857
12858
12859
12861
12863
12864
12865
12866
12867
12868
12870
12871
12873
12875
12877
12878
12880
12881
12882
12883
12885
12887
12888
12889
12890
12903
12904
12905
12906
12907
12908
12909
12910
12912
12913
12914
12916
12917
12918
12919
12920
12921
12922
12923
12924
12925
12926
12927
12928
12929
12930
12931
12932
12933
12934
12935
12936
12937
12939
12940
12941
12942
12943
12945
12946
12947
12948
12949
12961
12962
12963
12964
12966
12967
12969
12970
12971
12973
12975
12976
12978
12979
12980
12981
12982
12984
12985
12987
12990
12991
12993
12994
12995
12996
12997
12998
13015
13016
13018
13019
13020
13021
13022
13023
13024
13025
13026
13027
13036
13037
13040
13041
13042
13043
13044
13047
13048
13049
13050
13053
13054
13055
13057
13058
13059
13060
13061
13062
13063
13064
13065
13066
13067
13068
13069
13070
13079
13080
13081
13090
13091
13092
13104
13105
13107
13129
13130
13131
13132
13133
13134
13135
13136
13137
13138
13139
13140
13141
13142
13143
13144
13145
13157
13159
13160
13163
13164
13165
13166
13168
13169
13171
13172
13173
13175
13176
13177
13178
13179
13180
13181
13182
13183
13184
13186
13188
13189
13190
13191
13193
13195
13196
13197
13198
13199
13200
13201
13202
13204
13214
13216
13217
13218
13219
13220
13221
13231
13232
13234
13235
13237
13238
13239
13252
13253
13254
13256
13257
13273
13274
13275
13276
13277
13279
13280
13282
13283
13284
13286
13298
13299
13301
13302
13303
13304
13305
13306
13308
13309
13311
13312
13313
13314
13315
13316
13317
13318
13319
13327
13328
13329
13330
13331
13332
13333
13334
13335
13337
13338
13339
13340
13341
13343
13344
13347
13357
13358
13359
13370
13371
13373
13374
13375
13377
13378
13398
13399
13400
13401
13402
13412
13413
13414
13415
13418
13419
13420
13421
13423
13425
13427
13428
13430
13431
13432
13434
13436
13437
13438
13439
13441
13442
13443
13444
13445
13453
13454
13455
13457
13459
13460
13462
13463
13464
13465
13466
13468
13469
13487
13488
13490
13491
13493
13494
13495
13501
13502
13503
13505
13506
13508
13509
13510
13511
13526
13527
13528
13550
13552
13553
13554
13555
13556
13557
13583
13584
13586
13587
13588
13590
13591
13592
13593
13594
13595
13596
13607
13608
13610
13611
13612
13614
13615
13617
13619
13620
13621
13623
13624
13626
13627
13628
13629
13630
13631
13632
13633
13634
13635
13636
13637
13649
13650
13651
13659
13660
13661
13662
13663
13664
13665
13667
13668
13669
13670
13671
13672
13673
13674
13675
13676
13677
13679
13680
13681
13682
13683
13684
13685
13687
13688
13690
13691
13692
13693
13694
13695
13696
13713
13714
13715
13726
13727
13728
13730
13732
13733
13735
13737
13747
13748
13749
13750
13752
13753
13754
13757
13758
13759
13760
13761
13762
13765
13766
13768
13769
13770
13771
13772
13773
13774
13775
13777
13778
13779
13780
13782
13783
13784
13786
13787
13790
13799
13800
13801
13802
13804
13805
13807
13808
13809
13810
13811
13812
13813
13814
13820
13821
13823
13824
13825
13826
13827
13828
13830
13831
13832
13847
13848
13849
13850
13852
13853
13855
13856
13857
13858
13859
13860
13862
13863
13865
13873
13875
13876
13877
13878
13879
13885
13886
13887
13888
13889
13890
13891
13892
13894
13895
13896
13897
13898
13899
13901
13902
13904
13905
13906
13907
13909
13923
13924
13926
13927
13929
13930
13931
13932
13933
13934
13935
13936
13938
13939
13940
13941
13942
13943
13944
13945
13946
13948
13949
13950
13952
13953
13954
13955
13956
13959
13960
13961
13963
13964
13966
13967
13968
13969
13977
13978
13979
13980
13981
13982
13983
13984
13985
13986
13987
13988
13990
13992
13994
13995
13996
13997
13998
13999
14000
14001
14002
14003
14004
14005
14006
14008
14009
14010
14011
14012
14013
14015
14016
14017
14027
14028
14031
14040
14041
14042
14043
14044
14045
14046
14047
14048
14049
14050
14052
14053
14054
14055
14056
14067
14069
14079
14080
14082
14083
14084
14085
14086
14087
14088
14089
14091
14092
14094
14097
14098
14100
14102
14104
14106
14109
14110
14111
14112
14114
14115
14117
14118
14121
14122
14124
14125
14126
14129
14130
14132
14133
14134
14135
14136
14141
14142
14143
14150
14152
14154
14155
14167
14168
14169
14171
14172
14173
14174
14175
14176
14179
14181
14191
14192
14194
14195
14196
14205
14207
14209
14210
14211
14212
14213
14214
14215
14225
14226
14228
14230
14231
14232
14234
14235
14236
14237
14238
14239
14240
14243
14258
14259
14260
14261
14262
14264
14265
14266
14267
14269
14271
14273
14274
14275
14276
14277
14278
14279
14280
14301
14302
14304
14305
14306
14313
14314
14315
14317
14318
14320
14322
14324
14325
14326
14327
14335
14336
14337
14338
14340
14341
14362
14363
14364
14365
14366
14368
14375
14376
14377
14379
14380
14381
14382
14384
14385
14387
14388
14390
14391
14392
14394
14395
14398
14400
14402
14403
14404
14406
14417
14418
14420
14425
14426
14427
14429
14431
14432
14433
14435
14436
14437
14439
14440
14442
14443
14444
14445
14446
14447
14448
14458
14459
14461
14462
14463
14465
14466
14467
14469
14470
14472
14474
14475
14476
14477
14478
14479
14480
14491
14492
14494
14496
14497
14498
14500
14501
14503
14508
14509
14511
14513
14514
14515
14516
14517
14519
14528
14529
14530
14531
14532
14533
14534
14535
14546
14547
14549
14551
14552
14554
14556
14557
14559
14560
14562
14572
14574
14575
14576
14577
14578
14579
14588
14589
14590
14592
14593
14594
14601
14602
14603
14605
14607
14608
14609
14610
14611
14631
14633
14635
14636
14637
14638
14639
14640
14641
14642
14644
14646
14647
14649
14650
14651
14652
14654
14655
14675
14676
14678
14689
14691
14692
14693
14694
14695
14696
14697
14698
14699
14701
14702
14703
14706
14707
14708
14709
14710
14711
14712
14714
14716
14717
14726
14727
14729
14730
14731
14732
14733
14734
14736
14737
14738
14739
14740
14742
14743
14745
14747
14749
14751
14753
14754
14756
14758
14759
14761
14762
14763
14764
14766
14767
14769
14770
14771
14772
14773
14776
14777
14779
14780
14781
14783
14785
14786
14788
14798
14799
14801
14811
14812
14813
14814
14816
14818
14819
14821
14823
14841
14842
14844
14845
14846
14847
14848
14849
14851
14854
14856
14857
14864
14866
14867
14880
14881
14883
14884
14886
14888
14889
14890
14892
14893
14894
14895
14896
14907
14908
14909
14910
14911
14913
14915
14916
14917
14918
14919
14920
14921
14923
14924
14934
14936
14937
14939
14940
14942
14944
14945
14947
14948
14949
14958
14959
14961
14962
14964
14965
14967
14968
14970
14973
14974
14975
14977
14978
14980
14981
14985
14987
14988
15001
15003
15004
15013
15014
15022
15023
15025
15026
15027
15028
15031
15033
15035
15036
15037
15038
15040
15042
15044
15045
15059
15061
15062
15063
15067
15068
15069
15078
15079
15081
15100
15101
15102
15128
15129
15130
15131
15132
15133
15134
15135
15137
15138
15140
15142
15144
15145
15146
15148
15149
15151
15153
15154
15156
15157
15159
15161
15163
15164
15165
15166
15167
15168
15169
15171
15172
15173
15175
15176
15179
15181
15182
15183
15184
15186
15187
15193
15194
15196
15198
15199
15201
15202
15204
15205
15206
15207
15208
15209
15211
15212
15213
15215
15216
15217
15218
15219
15220
15222
15224
15227
15228
15229
15230
15231
15232
15234
15235
15237
15238
15239
15240
15241
15242
15244
15246
15249
15251
15252
15255
15256
15257
15258
15259
15261
15262
15264
15265
15266
15276
15277
15278
15280
15283
15295
15296
15297
15298
15300
15301
15303
15305
15314
15316
15317
15318
15320
15321
15322
15324
15342
15343
15345
15347
15348
15356
15357
15358
15359
15361
15362
15364
15365
15367
15368
15369
15370
15381
15382
15384
15385
15387
15388
15404
15405
15406
15408
15409
15410
15412
15415
15416
15417
15418
15431
15432
15434
15437
15439
15440
15442
15443
15446
15447
15448
15450
15451
15452
15453
15454
15455
15456
15461
15463
15475
15476
15477
15478
15480
15494
15495
15497
15498
15500
15501
15502
15503
15504
15521
15522
15524
15527
15528
15529
15530
15532
15533
15540
15542
15543
15545
15546
15547
15548
15549
15551
15552
15554
15557
15558
15560
15561
15562
15564
15565
15566
15568
15569
15570
15571
15573
15574
15576
15589
15590
15593
15599
15600
15601
15603
15604
15605
15606
15608
15609
15611
15612
15614
15616
15617
15618
15620
15621
15623
15625
15626
15627
15629
15656
15657
15658
15660
15661
15663
15664
15665
15667
15668
15669
15671
15673
15674
15675
15676
15677
15678
15691
15692
15699
15700
15701
15703
15705
15706
15708
15709
15710
15712
15713
15714
15716
15717
15718
15720
15729
15730
15732
15733
15738
15739
15741
15749
15751
15762
15763
15764
15765
15766
15768
15770
15771
15772
15774
15775
15777
15778
15779
15780
15782
15797
15799
15800
15801
15818
15819
15821
15823
15826
15827
15836
15838
15839
15840
15841
15842
15843
15845
15846
15848
15851
15852
15861
15862
15864
15866
15867
15869
15870
15878
15880
15882
15883
15884
15885
15887
15888
15890
15891
15892
15893
15894
15896
15897
15899
15900
15901
15902
15903
15905
15907
15908
15910
15912
15913
15915
15918
15919
15926
15927
15929
15940
15941
15943
15945
15946
15947
15960
15961
15963
15964
15966
15967
15968
15969
15970
15972
15984
15985
15987
15988
15989
15991
15992
15995
15997
15998
15999
16001
16002
16028
16029
16030
16031
16032
16034
16035
16038
16039
16041
16042
16044
16045
16046
16047
16050
16051
16053
16054
16056
16057
16058
16059
16060
16062
16063
16065
16066
16067
16068
16069
16070
16071
16072
16073
16074
16075
16076
16077
16078
16080
16081
16083
16085
16086
16087
16088
16090
16091
16092
16094
16095
16097
16098
16100
16101
16102
16103
16106
16107
16108
16109
16110
16112
16114
16115
16117
16118
16119
16121
16123
16124
16126
16128
16129
16130
16132
16157
16158
16159
16160
16161
16163
16169
16170
16171
16172
16173
16174
16187
16188
16189
16190
16201
16203
16204
16205
16206
16207
16209
16210
16212
16214
16215
16217
16218
16219
16221
16223
16224
16226
16227
16229
16231
16233
16234
16235
16236
16237
16239
16255
16256
16258
16260
16261
16262
16264
16265
16266
16268
16269
16271
16273
16276
16277
16279
16280
16281
16282
16283
16284
16286
16307
16309
16335
16336
16337
16339
16341
16342
16344
16345
16346
16348
16349
16351
16353
16370
16371
16372
16373
16374
16375
16376
16377
16378
16379
16392
16393
16394
16395
16396
16397
16399
16400
16401
16413
16414
16415
16416
16418
16420
16422
16423
16424
16433
16434
16435
16436
16438
16440
16442
16443
16444
16445
16446
16447
16448
16450
16451
16452
16453
16454
16456
16467
16468
16469
16477
16478
16479
16488
16489
16490
16491
16493
16495
16497
16498
16499
16500
16501
16502
16503
16504
16505
16507
16508
16520
16521
16522
16523
16525
16526
16528
16529
16530
16531
16532
16533
16535
16536
16538
16539
16540
16541
16542
16543
16544
16546
16568
16569
16570
16580
16581
16582
16584
16585
16586
16587
16588
16597
16598
16599
16600
16604
16606
16607
16609
16610
16611
16613
16614
16615
16616
16617
16618
16619
16621
16622
16623
16625
16626
16638
16639
16640
16642
16644
16645
16646
16647
16648
16649
16651
16652
16653
16655
16656
16657
16658
16659
16660
16662
16663
16664
16670
16672
16673
16675
16677
16678
16679
16680
16681
16700
16701
16703
16715
16716
16717
16718
16719
16720
16728
16729
16730
16731
16733
16734
16735
16736
16737
16739
16740
16741
16748
16750
16751
16752
16753
16754
16756
16757
16763
16764
16765
16766
16781
16782
16784
16795
16796
16797
16799
16800
16801
16803
16804
16805
16806
16808
16809
16811
16812
16813
16814
16816
16818
16819
16821
16822
16823
16824
16827
16829
16830
16832
16838
16839
16841
16842
16843
16845
16846
16849
16851
16852
16854
16856
16857
16859
16861
16862
16864
16865
16883
16884
16886
16909
16910
16911
16913
16914
16915
16916
16917
16919
16922
16923
16925
16944
16945
16946
16947
16949
16960
16961
16962
16963
16964
16966
16967
16969
16970
16971
16972
16973
16974
16975
16976
16977
16978
16980
16981
16983
16984
16985
16986
16988
16989
16991
16993
16994
17003
17004
17005
17006
17007
17009
17010
17012
17013
17015
17016
17017
17019
17020
17021
17022
17024
17025
17026
17029
17030
17031
17033
17034
17036
17044
17046
17047
17048
17049
17050
17052
17059
17060
17062
17063
17064
17065
17067
17068
17069
17070
17072
17073
17075
17076
17077
17079
17099
17100
17101
17102
17104
17105
17107
17108
17110
17111
17112
17114
17115
17117
17119
17120
17122
17123
17124
17125
17127
17128
17130
17131
17134
17135
17137
17138
17139
17141
17143
17144
17146
17147
17148
17150
17151
17153
17154
17155
17156
17157
17159
17168
17169
17170
17181
17182
17184
17185
17186
17188
17189
17190
17191
17193
17194
17195
17233
17234
17236
17237
17239
17241
17242
17243
17244
17245
17246
17247
17248
17249
17250
17251
17253
17266
17268
17270
17271
17272
17274
17275
17277
17279
17280
17281
17282
17284
17285
17286
17287
17288
17290
17291
17293
17294
17296
17313
17315
17316
17317
17318
17320
17322
17324
17325
17326
17327
17328
17330
17353
17354
17355
17356
17357
17358
17360
17361
17363
17364
17379
17380
17382
17430
17431
17433
17434
17435
17436
17437
17438
17440
17442
17443
17445
17455
17456
17457
17468
17469
17470
17473
17474
17476
17477
17478
17480
17482
17484
17485
17491
17492
17493
17508
17509
17519
17520
17521
17523
17524
17526
17527
17528
17529
17535
17536
17537
17538
17539
17540
17541
17560
17561
17562
17563
17564
17565
17566
17567
17575
17576
17578
17579
17580
17581
17582
17584
17585
17587
17589
17590
17591
17592
17594
17596
17597
17598
17600
17601
17602
17603
17604
17605
17606
17614
17615
17616
17618
17619
17621
17623
17624
17625
17626
17627
17629
17631
17632
17633
17634
17635
17636
17637
17638
17640
17641
17642
17643
17652
17654
17655
17656
17658
17659
17660
17661
17662
17663
17665
17680
17681
17683
17693
17694
17696
17700
17702
17716
17717
17718
17719
17720
17722
17723
17724
17725
17726
17727
17729
17730
17732
17734
17735
17737
17755
17756
17771
17773
17815
17816
17817
17836
17837
17839
17841
17842
17843
17844
17845
17846
17847
17850
17851
17852
17853
17854
17856
17857
17858
17859
17860
17861
17862
17863
17864
17871
17872
17873
17875
17876
17877
17878
17879
17880
17881
17882
17883
17894
17895
17896
17905
17906
17908
17909
17910
17911
17912
17913
17914
17915
17916
17918
17919
17920
17921
17922
17923
17924
17925
17926
17927
17928
17929
17930
17943
17944
17945
17946
17947
17948
17950
17951
17965
17966
17967
17969
17970
17972
17979
17981
17982
17984
17997
17998
17999
18000
18001
18002
18003
18010
18011
18012
18013
18014
18015
18016
18017
18018
18020
18021
18022
18023
18025
18026
18027
18028
18029
18030
18031
18032
18034
18035
18037
18038
18039
18040
18041
18042
18043
18044
18046
18047
18049
18050
18051
18052
18065
18066
18067
18078
18079
18080
18081
18083
18096
18098
18099
18122
18123
18125
18126
18127
18139
18140
18143
18144
18145
18146
18147
18148
18150
18151
18152
18153
18184
18185
18186
18194
18195
18196
18197
18198
18199
18200
18201
18202
18204
18205
18207
18208
18210
18211
18213
18222
18223
18224
18241
18242
18243
18244
18245
18246
18247
18254
18255
18256
18257
18258
18259
18260
18261
18262
18271
18272
18273
18274
18275
18277
18289
18290
18292
18293
18294
18296
18297
18300
18301
18303
18314
18315
18317
18319
18320
18322
18323
18324
18325
18326
18327
18328
18329
18330
18344
18345
18346
18367
18368
18369
18370
18371
18372
18374
18375
18376
18378
18379
18380
18381
18382
18384
18397
18398
18399
18400
18401
18402
18403
18404
18405
18406
18408
18410
18411
18412
18413
18414
18415
18416
18431
18432
18434
18435
18442
18443
18444
18453
18454
18455
18461
18462
18463
18464
18465
18467
18468
18469
18470
18472
18473
18514
18515
18516
18517
18518
18519
18540
18541
18543
18544
18545
18547
18548
18549
18550
18551
18552
18554
18564
18565
18566
18567
18568
18570
18571
18572
18593
18594
18596
18598
18599
18601
18602
18603
18604
18605
18606
18608
18620
18621
18622
18623
18624
18626
18639
18640
18642
18643
18644
18645
18646
18648
18649
18652
18653
18654
18665
18666
18667
18668
18669
18682
18683
18684
18686
18687
18688
18713
18714
18715
18716
18717
18719
18739
18740
18741
18742
18744
18745
18765
18766
18767
18768
18769
18770
18771
18772
18773
18774
18775
18776
18777
18778
18779
18780
18782
18783
18785
18786
18787
18788
18807
18808
18809
18810
18811
18812
18813
18814
18815
18816
18817
18831
18832
18834
18835
18836
18837
18838
18839
18840
18841
18842
18853
18854
18855
18856
18857
18858
18859
18860
18862
18873
18874
18875
18876
18877
18878
18879
18880
18881
18884
18885
18886
18887
18907
18908
18909
18910
18911
18912
18913
18914
18915
18916
18917
18918
18919
18920
18922
18923
18924
18944
18945
18946
18947
18948
18950
18951
18952
18953
18983
18984
18985
18986
18987
18988
18989
18992
18993
19010
19011
19012
19013
19014
19015
19024
19025
19026
19027
19028
19029
19030
19031
19033
19034
19035
19036
19037
19038
19039
19041
19042
19043
19044
19045
19056
19057
19058
19059
19060
19061
19070
19071
19072
19073
19074
19075
19076
19077
19078
19079
19080
19081
19082
19083
19084
19085
19086
19107
19108
19109
19110
19111
19112
19114
19115
19116
19117
19118
19119
19120
19121
19122
19123
19124
19125
19126
19127
19128
19129
19130
19131
19145
19146
19148
19149
19150
19151
19152
19153
19154
19155
19157
19158
19159
19160
19182
19183
19192
19193
19194
19205
19206
19207
19208
19210
19211
19212
19213
19214
19215
19216
19217
19218
19219
19220
19231
19232
19233
19234
19236
19237
19258
19259
19260
19261
19262
19263
19264
19265
19266
19267
19268
19269
19270
19272
19273
19274
19275
19276
19277
19278
19279
19280
19281
19282
19283
19284
19285
19286
19287
19289
19290
19291
19292
19293
19294
19295
19296
19297
19299
19300
19301
19302
19303
19315
19316
19317
19318
19319
19320
19321
19322
19323
19324
19325
19326
19327
19328
19329
19330
19331
19332
19333
19334
19335
19336
19337
19338
19339
19340
19341
19342
19357
19358
19359
19360
19361
19362
19374
19375
19376
19377
19378
19379
19380
19381
19382
19383
19384
19386
19387
19388
19389
19390
19391
19403
19404
19405
19418
19419
19420
19421
19422
19424
19457
19458
19459
19471
19472
19473
19474
19475
19476
19489
19490
19491
19492
19493
19494
19495
19496
19497
19498
19499
19500
19501
19502
19503
19504
19505
19506
19507
19508
19509
19510
19511
19512
19513
19514
19515
19516
19527
19528
19529
19530
19531
19532
19533
19534
19535
19546
19547
19548
19549
19550
19551
19552
19553
19554
19555
19556
19557
19558
19559
19560
19561
19562
19563
19564
19565
19566
19567
19568
19569
19570
19571
19572
19573
19574
19575
19576
19577
19578
19579
19591
19592
19593
19594
19595
19596
19597
19598
19599
19600
19601
19602
19603
19604
19605
19606
19607
19608
19609
19610
19611
19612
19613
19614
19615
19616
19617
19618
19619
19620
19621
19622
19623
19624
19625
19626
19627
19628
19629
19630
19631
19632
19633
19634
19635
19636
19637
19638
19639
19640
19641
19642
19643
19644
19645
19646
19647
19648
19649
19650
19651
19652
19653
19654
19655
19656
19657
19658
19659
19660
19661
19662
19663
19664
19665
19666
19667
19668
19669
19670
19671
19672
19673
19674
19675
19676
19677
19678
19679
19680
19681
19682
19683
19684
19685
19686
19687
19688
19689
19690
19691
19692
19693
19694
19695
19696
19697
19698
19699
19700
19701
19702
19703
19704
19705
19706
19707
19708
19709
19710
19711
19712
19713
19714
19715
19716
19717
19718
19719
19720
19721
19722
19723
19724
19725
19726
19728
19730
19732
19733
19738
19740
19741
19742
19743
19746
19752
19757
19763
19764
19768
19772
19776
19779
19780
19782
19791
19795
19798
19799
19800
19802
19804
19807
19828
19829
19833
19834
19835
19837
19875
19876
19879
19881
19887
19888
19892
19894
19901
19903
19904
19905
19906
19907
19908
19909
19931
19934
19939
19942
19943
19945
19948
19955
19958
19961
19966
19970
19972
19973
20009
20010
20011
20012
20014
20022
20028
20029
20030
20031
20032
20034
20037
20038
20039
20040
20041
20042
20043
20044
20046
20047
20050
20051
20052
20053
20056
20058
20085
20087
20088
20091
20092
20093
20094
20095
20098
20101
20104
20105
20106
20107
20108
20110
20114
20115
20116
20117
20118
20121
20138
20140
20170
20171
20172
20173
20175
20178
20179
20181
20182
20184
20206
20207
20210
20212
20213
20216
20218
20219
20220
20221
20222
20223
20224
20225
20231
20236
20251
20254
20255
20256
20258
20263
20303
20304
20305
20307
20310
20311
20312
20313
20314
20316
20320
20321
20322
20325
20327
20331
20336
20338
20342
20344
20345
20361
20363
20396
20397
20398
20399
20400
20401
20402
20410
20412
20417
20419
20422
20425
20427
20428
20430
20433
20434
20437
20439
20441
20444
20447
20449
20451
20453
20457
20461
20463
20466
20471
20475
20476
20496
20497
20498
20502
20504
20507
20510
20544
20545
20547
20551
20554
20555
20557
20559
20563
20564
20565
20566
20567
20569
20575
20579
20582
20585
20588
20590
20592
20596
20597
20599
20607
20610
20612
20615
20617
20619
20622
20624
20627
20629
20633
20636
20667
20669
20673
20689
20691
20694
20695
20697
20700
20733
20735
20738
20739
20740
20741
20742
20743
20744
20747
20749
20750
20751
20754
20757
20760
20763
20765
20768
20770
20772
20774
20777
20779
20801
20802
20822
20824
20829
20832
20834
20835
20836
20839
20841
20842
20843
20846
20848
20852
20856
20859
20861
20863
20885
20887
20890
20892
20895
20898
20901
20902
20903
20906
20909
20913
20917
20962
20964
20968
20969
20972
20974
20977
20980
20982
20983
20985
20989
20998
20999
21000
21002
21006
21009
21011
21016
21041
21043
21046
21047
21049
21051
21054
21056
21059
21060
21062
21065
21066
21068
21071
21074
21077
21096
21099
21101
21104
21106
21107
21108
21110
21115
21117
21120
21123
21144
21147
21149
21151
21155
21157
21159
21181
21185
21186
21188
21219
21221
21224
21225
21226
21227
21230
21232
21233
21234
21235
21236
21239
21241
21243
21248
21250
21252
21254
21257
21258
21260
21264
21267
21270
21271
21274
21278
21279
21282
21284
21288
21331
21333
21352
21353
21354
21356
21359
21360
21361
21364
21366
21370
21374
21376
21379
21381
21383
21399
21401
21405
21406
21410
21413
21416
21419
21423
21425
21426
21428
21431
21447
21450
21452
21453
21454
21457
21461
21462
21463
21488
21491
21493
21494
21496
21499
21501
21519
21521
21526
21528
21531
21532
21533
21534
21536
21539
21541
21543
21546
21548
21571
21572
21574
21577
21580
21581
21583
21586
21587
21590
21593
21595
21598
21645
21647
21649
21652
21655
21659
21662
21665
21686
21690
21694
21696
21697
21698
21699
21702
21704
21717
21718
21720
21723
21724
21726
21729
21730
21731
21734
21736
21739
21741
21743
21749
21752
21769
21771
21775
21799
21800
21801
21802
21803
21805
21807
21811
21815
21817
21819
21824
21827
21829
21832
21834
21836
21839
21840
21841
21844
21848
21851
21853
21856
21881
21882
21885
21887
21907
21910
21913
21916
21917
21918
21919
21922
21926
21927
21930
21932
21935
21958
21960
21972
21973
21974
21976
21980
21983
21984
22004
22005
22007
22010
22012
22016
22017
22018
22020
22023
22025
22028
22030
22032
22035
22037
22040
22044
22049
22052
22054
22057
22062
22064
22067
22081
22083
22085
22091
22129
22130
22131
22144
22145
22148
22150
22154
22157
22159
22162
22167
22169
22172
22174
22177
22200
22203
22205
22207
22212
22213
22216
22218
22221
22223
22228
22230
22235
22237
22240
22243
22245
22248
22250
22268
22271
22276
22280
22283
22284
22287
22302
22305
22308
22311
22312
22314
22318
22321
22324
22328
22332
22336
22351
22354
22375
22378
22381
22385
22388
22393
22397
22398
22400
22403
22405
22408
22410
22450
22451
22452
22455
22457
22459
22461
22477
22479
22488
22490
22491
22493
22496
22497
22498
22499
22502
22521
22523
22526
22529
22549
22552
22556
22557
22558
22561
22566
22569
22572
22574
22577
22579
22583
22586
22587
22590
22593
22596
22598
22603
22605
22609
22613
22614
22636
22639
22640
22642
22663
22664
22667
22668
22669
22670
22674
22677
22678
22682
22685
22714
22716
22768
22770
22772
22775
22778
22781
22784
22787
22790
22792
22794
22796
22799
22800
22829
22830
22831
22833
22836
22837
22866
22888
22891
22893
22896
22898
22900
22903
22906
22907
22908
22909
22925
22927
22931
22933
22934
22937
22939
22940
22944
22946
22947
22971
22973
22974
22975
22976
23002
23005
23007
23008
23009
23010
23011
23012
23013
23016
23019
23053
23055
23058
23062
23065
23067
23072
23073
23076
23078
23081
23082
23085
23087
23090
23092
23094
23097
23099
23104
23105
23106
23108
23111
23113
23118
23122
23125
23127
23130
23132
23149
23151
23171
23174
23176
23178
23185
23187
23192
23193
23194
23196
23199
23224
23226
23229
23232
23243
23246
23249
23250
23278
23280
23281
23283
23287
23289
23292
23294
23297
23300
23329
23332
23333
23334
23356
23358
23363
23365
23368
23369
23388
23389
23402
23404
23421
23424
23427
23430
23433
23434
23436
23439
23441
23446
23461
23463
23465
23467
23470
23473
23475
23478
23481
23489
23492
23495
23499
23502
23540
23541
23559
23562
23564
23565
23566
23568
23570
23572
23575
23580
23606
23608
23611
23615
23618
23621
23623
23625
23630
23657
23660
23664
23665
23670
23671
23672
23674
23677
23680
23682
23685
23689
23692
23697
23702
23706
23709
23712
23722
23723
23725
23730
23732
23733
23734
23736
23739
23743
23749
23751
23755
23760
23763
23767
23770
23774
23777
23781
23784
23802
23807
23808
23810
23815
23819
23848
23851
23854
23856
23859
23867
23870
23872
23876
23878
23881
23884
23885
23887
23917
23920
23921
23924
23937
23941
23969
23971
23973
23978
23979
23980
23982
23987
23989
23993
23997
23998
23999
24001
24006
24008
24012
24016
24047
24050
24052
24056
24061
24062
24063
24065
24070
24075
24078
24082
24114
24117
24118
24120
24128
24131
24147
24149
24153
24173
24177
24181
24199
24201
24207
24210
24211
24213
24217
24221
24224
24228
24231
24235
24236
24237
24240
24248
24252
24254
24256
24261
24262
24264
24268
24271
24276
24281
24287
24288
24292
24294
24296
24345
24348
24352
24354
24356
24358
24363
24364
24367
24370
24371
24373
24378
24379
24380
24383
24389
24391
24393
24396
24397
24399
24403
24404
24406
24412
24415
24420
24421
24424
24427
24428
24430
24432
24438
24444
24447
24450
24452
24465
24467
24477
24480
24482
24487
24490
24493
24495
24500
24502
24507
24508
24511
24513
24518
24521
24524
24526
24529
24531
24536
24542
24547
24551
24555
24557
24562
24564
24569
24573
24576
24578
24582
24585
24586
24588
24591
24600
24607
24608
24613
24617
24621
24631
24634
24635
24636
24639
24644
24646
24649
24653
24658
24664
24669
24672
24673
24675
24680
24681
24682
24683
24686
24689
24691
24695
24698
24700
24702
24713
24714
24716
24719
24721
24725
24727
24729
24732
24734
24739
24743
24745
24752
24755
24759
24767
24768
24771
24773
24778
24781
24784
24787
24788
24790
24792
24796
24800
24805
24810
24811
24816
24823
24828
24839
24842
24870
24873
24876
24887
24892
24895
24904
24911
24915
24918
24923
24924
24925
24935
24938
24941
24943
24948
24954
24955
24957
24960
24961
24963
24965
24971
24972
24973
24975
24982
24987
24990
24991
24993
25004
25009
25011
25017
25021
25023
25025
25031
25033
25042
25043
25045
25049
25050
25056
25059
25062
25066
25070
25073
25079
25082
25084
25087
25099
25102
25112
25115
25118
25125
25130
25139
25142
25146
25149
25150
25153
25158
25162
25165
25180
25183
25186
25190
25193
25200
25201
25221
25224
25225
25229
25237
25239
25251
25272
25276
25281
25295
25298
25300
25303
25305
25315
25319
25320
25333
25337
25339
25343
25345
25351
25355
25380
25381
25383
25387
25390
25397
25398
25399
25401
25415
25419
25422
25425
25430
25433
25439
25442
25445
25454
25455
25461
25464
25469
25471
25473
25478
25481
25483
25486
25488
25492
25494
25496
25498
25510
25511
25512
25519
25520
25521
25523
25526
25532
25536
25542
25546
25552
25556
25560
25564
25569
25573
25580
25583
25585
25587
25592
25600
25601
25609
25611
25612
25617
25619
25621
25626
25627
25628
25632
25633
25635
25641
25642
25643
25644
25648
25649
25660
25662
25673
25674
25678
25679
25683
25688
25690
25696
25699
25703
25707
25709
25713
25717
25721
25725
25727
25731
25736
25739
25743
25746
25751
25752
25754
25761
25762
25780
25784
25788
25791
25795
25800
25807
25811
25821
25829
25838
25842
25844
25847
25853
25855
25860
25865
25866
25870
25874
25877
25884
25886
25889
25894
25897
25899
25902
25910
25911
25917
25919
25924
25926
25929
25932
25968
25972
25974
25976
25990
25993
25998
26001
26024
26025
26027
26031
26042
26048
26054
26057
26060
26065
26067
26076
26079
26099
26100
26102
26106
26107
26109
26113
26115
26121
26125
26137
26140
26146
26147
26148
26152
26155
26158
26160
26167
26170
26173
26175
26180
26182
26184
26190
26191
26192
26194
26201
26204
26208
26218
26219
26222
26224
26228
26237
26239
26244
26246
26252
26253
26256
26259
26263
26270
26273
26278
26282
26289
26291
26302
26305
26309
26314
26319
26327
26334
26340
26344
26348
26354
26355
26357
26362
26366
26369
26375
26378
26385
26386
26390
26391
26396
26412
26419
26422
26425
26459
26462
26467
26470
26472
26478
26484
26486
26506
26513
26515
26522
26523
26526
26528
26537
26538
26541
26543
26550
26551
26554
26558
26559
26561
26563
26574
26578
26600
26601
26602
26604
26641
26643
26652
26654
26657
26662
26664
26668
26669
26672
26674
26676
26681
26687
26692
26695
26699
26701
26723
26727
26728
26731
26750
26753
26755
26761
26762
26782
26805
26807
26815
26817
26821
26827
26830
26835
26838
26842
26845
26868
26871
26874
26876
26880
26883
26886
26888
26893
26895
26901
26902
26903
26910
26912
26936
26937
26938
26942
26959
26964
26968
26969
26973
26977
26982
26985
26987
26990
27010
27013
27016
27019
27025
27027
27039
27040
27045
27046
27047
27049
27050
27053
27056
27085
27086
27091
27094
27099
27101
27130
27132
27136
27138
27141
27143
27146
27147
27148
27151
27155
27159
27163
27165
27167
27171
27192
27220
27223
27227
27230
27234
27235
27239
27245
27248
27249
27253
27258
27259
27260
27307
27310
27313
27314
27316
27321
27323
27330
27350
27371
27405
27407
27412
27414
27417
27420
27441
27451
27453
27458
27459
27462
27464
27465
27468
27471
27476
27479
27484
27488
27497
27499
27505
27508
27511
27515
27527
27530
27533
27537
27540
27543
27547
27554
27561
27562
27565
27578
27579
27584
27600
27602
27605
27616
27619
27620
27622
27628
27634
27636
27653
27656
27657
27660
27662
27665
27668
27671
27677
27679
27682
27685
27689
27694
27695
27698
27705
27707
27709
27726
27728
27732
27736
27739
27746
27749
27753
27755
27774
27781
27783
27785
27787
27792
27794
27801
27804
27809
27811
27813
27815
27830
27834
27837
27846
27847
27866
27869
27887
27890
27894
27897
27905
27908
27914
27915
27916
27918
27921
27923
27946
27948
27953
27956
27960
27962
27965
27968
27971
27999
28002
28021
28022
28023
28044
28049
28053
28056
28059
28064
28065
28066
28084
28088
28091
28094
28096
28098
28102
28105
28127
28132
28137
28141
28143
28146
28165
28169
28174
28178
28181
28196
28197
28198
28201
28207
28208
28210
28213
28214
28217
28242
28245
28249
28251
28254
28285
28288
28292
28293
28294
28297
28302
28307
28308
28329
28332
28334
28339
28349
28352
28356
28361
28369
28372
28376
28377
28407
28408
28428
28431
28433
28437
28467
28471
28490
28493
28496
28499
28500
28502
28504
28514
28519
28521
28526
28528
28532
28535
28536
28538
28541
28544
28554
28556
28558
28562
28566
28569
28574
28575
28576
28580
28585
28602
28605
28610
28612
28647
28649
28653
28659
28660
28674
28676
28683
28689
28693
28694
28697
28698
28704
28709
28713
28714
28717
28720
28723
28724
28726
28742
28743
28771
28773
28776
28779
28781
28787
28789
28791
28794
28796
28797
28816
28818
28851
28853
28858
28860
28862
28891
28894
28897
28919
28935
28938
28939
28943
28950
28954
28958
28960
28961
28964
28967
28971
28998
29000
29005
29007
29009
29013
29014
29020
29023
29028
29030
29034
29039
29043
29046
29049
29053
29057
29062
29093
29096
29097
29099
29105
29113
29116
29118
29123
29125
29130
29132
29135
29138
29141
29142
29144
29163
29164
29165
29169
29172
29175
29177
29178
29179
29206
29210
29225
29229
29232
29234
29236
29243
29246
29249
29252
29274
29277
29280
29314
29316
29321
29324
29347
29348
29371
29373
29375
29382
29383
29385
29388
29391
29424
29425
29426
29429
29433
29435
29437
29442
29443
29457
29460
29463
29469
29472
29476
29478
29481
29486
29488
29490
29494
29495
29497
29500
29501
29505
29506
29508
29511
29542
29545
29546
29547
29565
29567
29570
29572
29575
29583
29585
29588
29592
29594
29595
29598
29622
29623
29626
29630
29654
29660
29662
29697
29699
29702
29703
29704
29707
29709
29710
29711
29714
29718
29738
29739
29786
29787
29788
29790
29793
29794
29796
29812
29814
29817
29819
29823
29825
29827
29833
29836
29897
29898
29903
29904
29909
29914
29915
29916
29944
29946
29952
29955
30005
30010
30011
30012
30024
30025
30028
30030
30032
30034
30039
30042
30045
30048
30069
30072
30075
30078
30080
30084
30087
30089
30092
30095
30120
30121
30123
30128
30131
30133
30134
30137
30153
30155
30169
30172
30176
30178
30180
30198
30199
30200
30222
30264
30267
30269
30270
30271
30273
30276
30278
30282
30288
30290
30311
30312
30336
30337
30338
30339
30342
30344
30346
30349
30351
30354
30355
30357
30360
30365
30370
30374
30376
30379
30382
30387
30390
30393
30394
30395
30413
30415
30418
30420
30428
30429
30433
30436
30439
30442
30548
30551
30553
30555
30558
30562
30566
30569
30572
30575
30576
30579
30582
30583
30586
30587
30590
30611
30612
30613
30615
30644
30649
30668
30671
30674
30677
30678
30681
30707
30742
30744
30762
30764
30767
30768
30771
30772
30797
30798
30799
30801
30804
30807
30811
30814
30816
30817
30838
30841
30888
30890
30897
30899
30917
30918
30921
30926
30929
30934
30937
30952
30955
30986
30988
30990
30992
30993
30996
30998
31024
31027
31042
31046
31048
31049
31050
31051
31074
31077
31091
31134
31137
31142
31145
31166
31169
31170
31172
31174
31176
31181
31187
31193
31194
31195
31197
31200
31201
31202
31203
31204
31205
31208
31209
31210
31213
31232
31234
31236
31272
31278
31280
31281
31282
31283
31284
31285
31287
31291
31293
31335
31336
31337
31340
31343
31346
31350
31352
31370
31373
31390
31391
31419
31420
31421
31422
31424
31427
31447
31449
31453
31454
31455
31488
31489
31492
31495
31521
31522
31524
31526
31529
31531
31532
31534
31542
31543
31544
31545
31546
31548
31556
31557
31560
31563
31566
31569
31571
31572
31573
31574
31576
31579
31581
31586
31589
31592
31593
31594
31595
31596
31597
31599
31636
31637
31638
31674
31675
31676
31678
31681
31715
31716
31719
31720
31721
31722
31725
31741
31742
31766
31767
31769
31772
31776
31778
31781
31784
31788
31791
31793
31795
31801
31805
31807
31808
31809
31810
31812
31815
31818
31822
31825
31829
31832
31850
31853
31855
31857
31860
31861
31864
31867
31870
31871
31872
31873
31874
31875
31878
31879
31881
31884
31885
31886
31887
31888
31891
31892
31898
31899
31926
31929
31931
31934
31986
31989
31992
31993
31994
31995
31996
32022
32023
32042
32043
32097
32101
32136
32139
32145
32147
32150
32152
32160
32161
32162
32163
32173
32190
32191
32192
32194
32197
32198
32247
32248
32249
32251
32318
32319
32320
32321
32322
32323
32325
32344
32345
32346
32347
32350
32351
32352
32357
32360
32361
32362
32366
32372
32376
32379
32380
32381
32382
32383
32384
32389
32391
32394
32426
32427
32436
32439
32442
32446
32452
32457
32458
32463
32464
32465
32495
32496
32506
32510
32518
32520
32524
32525
32526
32546
32547
32572
32573
32592
32595
32596
32597
32600
32601
32603
32606
32607
32610
32612
32615
32617
32618
32695
32696
32721
32722
32723
32725
32727
32728
32745
32747
32749
32751
32752
32753
32754
32756
32759
32765
32766
32767
32769
32771
32772
32773
32775
32778
32781
32784
32785
32786
32787
32788
32802
32803
32828
32831
32832
32833
32836
32838
32842
32861
32862
32863
32864
32865
32867
32882
32883
32884
32886
32888
32889
32890
32891
32892
32893
32900
32903
32934
32935
32958
32959
32960
32961
32962
32963
32964
32967
33024
33025
33026
33027
33028
33029
33030
33031
33032
33035
33037
33038
33053
33056
33057
33058
33060
33065
33068
33070
33074
33075
33076
33077
33079
33080
33083
33084
33099
33100
33101
33104
33106
33107
33110
33114
33117
33119
33122
33124
33127
33131
33132
33133
33134
33159
33162
33166
33167
33168
33171
33173
33174
33175
33176
33177
33195
33198
33202
33206
33211
33212
33213
33214
33235
33269
33271
33272
33273
33298
33299
33300
33301
33322
33323
33324
33325
33326
33327
33328
33329
33330
33338
33339
33342
33345
33350
33353
33355
33356
33357
33358
33359
33361
33364
33365
33366
33367
33368
33369
33370
33373
33376
33378
33379
33402
33404
33409
33410
33411
33412
33413
33414
33415
33416
33417
33418
33422
33427
33429
33432
33433
33434
33435
33436
33437
33438
33439
33440
33441
33444
33445
33446
33447
33448
33449
33450
33451
33452
33455
33475
33476
33477
33478
33480
33483
33485
33486
33487
33488
33489
33490
33491
33497
33498
33499
33500
33501
33502
33503
33504
33507
33509
33510
33511
33512
33513
33514
33515
33516
33517
33518
33519
33520
33521
33522
33523
33524
33546
33551
33554
33555
33556
33558
33562
33564
33565
33567
33570
33573
33574
33575
33576
33577
33578
33579
33580
33581
33582
33583
33584
33585
33605
33606
33607
33608
33609
33610
33623
33626
33630
33632
33637
33638
33640
33643
33644
33645
33646
33647
33668
33669
33670
33671
33672
33674
33678
33680
33681
33682
33683
33684
33685
33686
33687
33688
33689
33691
33692
33693
33694
33695
33734
33737
33776
33777
33800
33805
33808
33810
33811
33812
33813
33814
33815
33831
33832
33834
33835
33851
33852
33853
33877
33878
33879
33882
33884
33885
33886
33887
33888
33899
33900
33902
33905
33926
33929
33930
33931
33932
33933
33934
33937
33940
33954
33955
33957
33961
33962
33963
33964
33965
33966
33967
33968
34003
34004
34005
34007
34011
34013
34014
34018
34020
34026
34029
34032
34035
34036
34039
34042
34045
34046
34072
34073
34074
34075
34076
34078
34081
34084
34086
34087
34088
34089
34090
34091
34092
34093
34094
34095
34096
34097
34098
34101
34102
34103
34105
34108
34109
34131
34132
34134
34137
34139
34141
34144
34148
34151
34152
34154
34157
34161
34167
34169
34170
34171
34172
34202
34205
34207
34208
34209
34210
34211
34212
34228
34233
34234
34236
34241
34242
34246
34249
34251
34254
34255
34256
34257
34258
34259
34260
34261
34276
34277
34293
34294
34318
34321
34364
34365
34366
34367
34368
34369
34370
34371
34372
34373
34396
34400
34405
34406
34408
34411
34414
34415
34418
34419
34420
34421
34422
34423
34426
34430
34431
34433
34437
34439
34440
34441
34442
34445
34466
34470
34471
34472
34473
34490
34493
34496
34499
34501
34525
34527
34530
34565
34566
34567
34570
34573
34576
34578
34602
34605
34608
34609
34610
34613
34616
34619
34620
34621
34622
34623
34636
34637
34638
34639
34640
34641
34643
34646
34647
34648
34652
34655
34677
34678
34700
34703
34705
34707
34710
34747
34748
34749
34768
34769
34772
34776
34778
34782
34786
34789
34792
34794
34798
34799
34801
34804
34805
34806
34818
34819
34822
34826
34828
34829
34830
34833
34836
34869
34872
34875
34877
34885
34886
34889
34892
34893
34894
34924
34925
34968
34970
34971
34973
35022
35025
35027
35030
35032
35033
35034
35035
35054
35057
35059
35062
35066
35070
35071
35075
35077
35080
35081
35082
35083
35084
35085
35086
35107
35108
35121
35122
35123
35124
35127
35129
35130
35131
35132
35133
35135
35138
35139
35140
35141
35143
35147
35151
35152
35153
35154
35155
35184
35185
35203
35205
35209
35212
35216
35236
35237
35239
35242
35244
35249
35250
35251
35252
35258
35260
35263
35264
35265
35266
35269
35271
35273
35277
35278
35281
35284
35302
35303
35305
35308
35311
35312
35313
35314
35315
35324
35327
35329
35330
35331
35333
35337
35338
35362
35363
35365
35368
35372
35373
35374
35375
35380
35383
35397
35400
35401
35402
35410
35411
35412
35413
35415
35418
35419
35420
35422
35425
35428
35429
35432
35461
35465
35467
35468
35469
35470
35471
35474
35475
35476
35477
35478
35480
35483
35485
35487
35488
35489
35494
35496
35499
35502
35504
35505
35518
35519
35520
35521
35522
35523
35524
35525
35527
35533
35537
35538
35539
35540
35541
35542
35543
35544
35547
35549
35550
35551
35555
35557
35575
35579
35595
35596
35597
35598
35599
35600
35601
35603
35606
35607
35608
35630
35648
35651
35653
35654
35655
35656
35659
35661
35667
35672
35676
35682
35688
35689
35692
35695
35700
35705
35708
35710
35715
35717
35721
35722
35723
35729
35730
35741
35746
35749
35770
35772
35775
35776
35777
35779
35786
35804
35806
35809
35825
35829
35831
35832
35833
35852
35855
35859
35861
35864
35865
35866
35867
35870
35905
35906
35907
35911
35912
35914
35919
35923
35924
35925
35926
35927
35968
35970
35973
35983
35984
35987
35991
35997
35998
35999
36011
36012
36014
36017
36057
36058
36059
36061
36072
36074
36077
36078
36081
36084
36087
36090
36093
36097
36104
36106
36109
36112
36133
36136
36143
36145
36148
36151
36153
36156
36157
36161
36163
36165
36166
36167
36168
36186
36189
36191
36193
36196
36200
36203
36207
36208
36209
36210
36230
36233
36238
36240
36243
36246
36252
36255
36258
36259
36260
36263
36279
36280
36281
36282
36283
36304
36308
36311
36315
36318
36321
36323
36343
36345
36346
36347
36362
36363
36367
36368
36378
36380
36383
36388
36389
36390
36427
36432
36433
36434
36435
36436
36439
36443
36446
36448
36449
36451
36492
36495
36518
36521
36522
36523
36524
36525
36527
36530
36531
36536
36537
36539
36540
36542
36546
36549
36564
36567
36569
36570
36571
36574
36576
36577
36579
36582
36586
36591
36596
36599
36605
36608
36609
36611
36615
36618
36619
36621
36626
36629
36631
36634
36639
36642
36661
36664
36683
36684
36686
36689
36692
36696
36729
36732
36735
36736
36737
36739
36746
36749
36758
36762
36788
36791
36794
36798
36800
36803
36804
36805
36825
36826
36827
36830
36834
36835
36836
36837
36839
36842
36860
36864
36866
36869
36873
36876
36877
36892
36895
36898
36900
36903
36907
36912
36915
36918
36920
36924
36931
36935
36962
36965
36978
36990
36993
36995
36997
37003
37007
37009
37011
37015
37019
37022
37047
37050
37052
37060
37061
37077
37079
37116
37117
37163
37164
37165
37166
37167
37170
37173
37177
37182
37185
37187
37190
37194
37197
37199
37202
37207
37210
37211
37212
37213
37216
37218
37220
37222
37230
37233
37234
37236
37240
37247
37249
37254
37257
37260
37263
37264
37265
37267
37270
37272
37275
37276
37277
37279
37284
37289
37290
37291
37294
37297
37299
37300
37301
37303
37306
37316
37319
37325
37326
37327
37330
37333
37336
37337
37356
37358
37364
37389
37390
37393
37396
37400
37418
37420
37423
37425
37428
37461
37465
37468
37480
37481
37483
37486
37489
37492
37495
37496
37515
37517
37521
37524
37551
37552
37557
37558
37560
37569
37570
37572
37595
37598
37605
37608
37611
37614
37618
37621
37623
37624
37625
37626
37633
37657
37658
37660
37685
37688
37691
37693
37694
37695
37725
37728
37734
37735
37737
37740
37751
37754
37757
37758
37760
37763
37767
37773
37776
37778
37780
37784
37786
37789
37790
37793
37796
37798
37824
37827
37838
37840
37842
37843
37845
37849
37851
37853
37858
37859
37863
37865
37867
37872
37874
37924
37926
37929
37932
37934
37937
37939
37943
37944
37945
37946
37973
37984
37985
37987
37992
37995
37997
38001
38003
38006
38008
38011
38026
38029
38031
38037
38039
38054
38076
38077
38078
38081
38086
38087
38090
38093
38096
38097
38101
38125
38128
38129
38159
38161
38167
38173
38189
38191
38192
38193
38196
38200
38204
38210
38226
38229
38233
38235
38238
38251
38256
38258
38259
38262
38265
38266
38267
38270
38273
38276
38277
38278
38281
38285
38288
38292
38296
38302
38312
38315
38337
38340
38344
38346
38371
38374
38377
38380
38381
38382
38385
38409
38412
38415
38417
38420
38426
38429
38431
38434
38481
38482
38483
38486
38488
38494
38497
38500
38501
38503
38510
38512
38515
38518
38519
38521
38524
38527
38530
38531
38532
38533
38534
38535
38536
38537
38538
38541
38544
38548
38551
38552
38555
38557
38560
38563
38565
38569
38570
38575
38576
38577
38580
38584
38586
38589
38591
38596
38599
38603
38605
38608
38661
38662
38663
38666
38676
38677
38678
38679
38704
38705
38707
38727
38730
38731
38733
38736
38739
38743
38746
38748
38750
38755
38757
38761
38765
38770
38772
38773
38774
38803
38806
38810
38811
38816
38818
38820
38824
38831
38834
38837
38838
38839
38841
38883
38929
38930
38933
38937
38940
38942
38945
38948
38953
38982
38983
38984
38985
38986
38987
38988
39015
39016
39017
39020
39021
39044
39045
39049
39053
39054
39070
39071
39073
39077
39082
39083
39084
39085
39086
39089
39090
39091
39094
39115
39117
39129
39145
39146
39148
39153
39157
39158
39159
39160
39161
39164
39167
39188
39189
39191
39194
39197
39198
39199
39201
39205
39207
39208
39209
39210
39213
39257
39259
39276
39277
39279
39281
39282
39283
39297
39298
39300
39310
39313
39315
39317
39320
39321
39322
39324
39327
39329
39332
39355
39356
39360
39363
39364
39365
39367
39370
39373
39375
39376
39377
39379
39382
39383
39392
39395
39399
39401
39402
39403
39438
39440
39464
39465
39466
39467
39480
39481
39484
39486
39487
39489
39503
39504
39505
39507
39511
39521
39523
39524
39554
39557
39578
39580
39582
39584
39586
39589
39591
39594
39597
39598
39601
39604
39606
39610
39611
39617
39620
39630
39633
39635
39637
39641
39647
39649
39654
39656
39658
39664
39667
39699
39702
39749
39750
39754
39755
39756
39759
39765
39768
39803
39804
39806
39828
39829
39830
39833
39836
39839
39840
39841
39842
39843
39844
39847
39850
39852
39854
39855
39858
39861
39865
39868
39882
39883
39885
39888
39891
39893
39896
39899
39901
39903
39906
39908
39914
39916
39919
39921
39937
39939
39940
39941
39944
39955
39957
39960
39961
39963
39966
39967
39970
39973
39975
39977
40015
40016
40019
40022
40025
40027
40030
40032
40037
40040
40043
40046
40047
40049
40053
40056
40061
40064
40066
40070
40073
40076
40078
40081
40084
40088
40089
40090
40092
40110
40111
40131
40134
40136
40139
40141
40142
40145
40146
40220
40223
40225
40229
40231
40232
40233
40234
40235
40236
40238
40267
40271
40272
40276
40278
40283
40284
40286
40289
40290
40292
40296
40298
40301
40334
40336
40337
40340
40345
40348
40349
40350
40353
40398
40399
40400
40402
40405
40407
40409
40442
40445
40538
40541
40543
40544
40545
40548
40552
40554
40571
40572
40594
40595
40601
40604
40606
40608
40614
40617
40624
40625
40656
40675
40676
40679
40682
40684
40685
40693
40694
40695
40696
40697
40733
40734
40735
40736
40737
40750
40753
40755
40756
40759
40762
40766
40767
40769
40773
40775
40778
40780
40781
40782
40784
40797
40798
40801
40804
40808
40809
40810
40813
40817
40818
40819
40820
40821
40824
40826
40827
40843
40845
40847
40850
40851
40852
40855
40886
40889
40909
40911
40925
40953
40954
40955
40957
40959
40962
40963
40965
40968
40971
40975
40978
41010
41042
41122
41123
41158
41160
41162
41168
41169
41170
41171
41176
41177
41178
41180
41183
41184
41185
41186
41187
41197
41198
41201
41202
41203
41204
41205
41206
41227
41228
41244
41247
41249
41250
41251
41252
41253
41256
41258
41259
41260
41261
41262
41263
41264
41265
41292
41293
41294
41296
41299
41327
41329
41332
41335
41349
41353
41356
41381
41382
41383
41384
41385
41395
41396
41397
41398
41399
41400
41402
41405
41406
41409
41410
41411
41412
41413
41416
41419
41421
41422
41423
41424
41426
41431
41433
41434
41436
41461
41462
41481
41482
41484
41512
41515
41559
41562
41564
41587
41589
41594
41595
41596
41598
41601
41602
41662
41663
41676
41677
41678
41679
41681
41682
41685
41688
41691
41693
41696
41710
41711
41741
41742
41743
41744
41754
41755
41756
41757
41758
41759
41775
41776
41777
41780
41804
41806
41809
41811
41813
41821
41823
41846
41850
41853
41855
41858
41859
41860
41861
41862
41863
41891
41892
41932
41933
41934
41935
41939
41940
41943
41944
41945
41948
41975
41976
41977
41978
41979
41980
41982
41984
41989
41990
41991
41992
42022
42024
42026
42038
42039
42055
42056
42064
42065
42066
42068
42071
42072
42075
42078
42165
42166
42167
42168
42208
42210
42213
42216
42218
42219
42220
42222
42243
42244
42245
42247
42249
42292
42295
42299
42301
42304
42305
42306
42309
42332
42333
42334
42336
42366
42369
42371
42372
42374
42377
42381
42382
42402
42403
42404
42430
42431
42434
42435
42484
42485
42486
42488
42526
42527
42529
42532
42569
42570
42571
42572
42573
42574
42575
42576
42577
42579
42580
42583
42585
42587
42588
42623
42624
42625
42626
42627
42628
42629
42658
42660
42663
42664
42665
42666
42667
42688
42689
42690
42691
42692
42695
42716
42717
42718
42719
42720
42721
42724
42728
42729
42767
42768
42769
42770
42771
42772
42773
42774
42775
42778
42779
42816
42817
42818
42820
42823
42824
42881
42882
42883
42884
42887
42890
42924
42925
42926
42927
42943
42944
42945
42946
42947
42950
42952
42953
42954
42956
42959
42960
42961
42982
42983
42984
42985
43001
43002
43003
43004
43005
43006
43007
43008
43009
43010
43011
43051
43052
43053
43054
43057
43058
43059
43060
43061
43062
43063
43064
43065
43066
43067
43068
43097
43099
43101
43102
43103
43104
43107
43109
43110
43153
43170
43171
43192
43193
43195
43197
43198
43199
43200
43201
43202
43203
43222
43223
43226
43228
43270
43271
43272
43273
43274
43275
43276
43277
43279
43280
43281
43282
43283
43284
43285
43286
43287
43288
43290
43293
43294
43295
43296
43298
43300
43301
43302
43325
43326
43327
43328
43329
43330
43331
43332
43333
43334
43335
43336
43337
43338
43339
43340
43341
43342
43374
43375
43376
43377
43401
43402
43403
43404
43405
43406
43407
43410
43411
43412
43413
43436
43437
43465
43466
43467
43470
43535
43536
43558
43559
43560
43561
43584
43585
43586
43587
43588
43589
43590
43591
43592
43593
43594
43595
43596
43597
43598
43599
43600
43601
43620
43621
43622
43623
43624
43625
43645
43646
43647
43648
43649
43650
43651
43652
43653
43654
43655
43656
43657
43658
43659
43660
43661
43662
43663
43664
43665
43666
43688
43689
43690
43691
43692
43693
43694
43695
43696
43697
43698
43699
43700
43701
43702
43703
43704
43705
43706
43707
43708
43709
43710
43711
43712
43713
43714
43715
43716
43717
43718
43719
43720
43721
43722
43723
43724
43725
43726
43727
43728
43729
43730
43731
43732
43733
43734
43735
43736
43737
43738
43739
43740
43741
43742
43743
43744
43745
43746
43747
43748
43749
43750
43751
43752
43753
43754
43755
43756
43757
43758
43759
43760
43761
43762
43763
43764
43765
43766
43767
43768
