386 Wall
' '
155
156
157
158
159
160
161
236
237
238
239
240
241
242
317
318
319
320
321
322
323
398
399
400
401
402
403
404
479
480
481
482
483
484
485
560
561
562
563
564
565
566
641
642
643
644
645
646
647
99
108
117
126
135
144
153
162
180
189
198
207
216
225
234
243
261
270
279
288
297
306
315
324
342
351
360
369
378
387
396
405
423
432
441
450
459
468
477
486
504
513
522
531
540
549
558
567
585
594
603
612
621
630
639
648
83
84
85
86
87
88
89
90
164
165
166
167
168
169
170
171
245
246
247
248
249
250
251
252
326
327
328
329
330
331
332
333
407
408
409
410
411
412
413
414
488
489
490
491
492
493
494
495
569
570
571
572
573
574
575
576
82
91
100
109
118
127
136
145
154
163
172
181
190
199
208
217
226
235
244
253
262
271
280
289
298
307
316
325
334
343
352
361
370
379
388
397
406
415
424
433
442
451
460
469
478
487
496
505
514
523
532
541
550
559
568
577
586
595
604
613
622
631
640
1
2
3
4
5
6
7
8
9
10
11
12
13
14
15
16
17
18
19
20
21
22
23
24
25
26
27
28
29
30
31
32
33
34
35
36
37
38
39
40
41
42
43
44
45
46
47
48
49
50
51
52
53
54
55
56
57
58
59
60
61
62
63
64
65
66
67
68
69
70
71
72
73
74
75
76
77
78
79
80
81
649
650
651
652
653
654
655
656
657
658
659
660
661
662
663
664
665
666
667
668
669
670
671
672
673
674
675
676
677
678
679
680
681
682
683
684
685
686
687
688
689
690
691
692
693
694
695
696
697
698
699
700
701
702
703
704
705
706
707
708
709
710
711
712
713
714
715
716
717
718
719
720
721
722
723
724
725
726
727
728
729

