273 Wall
' '
9
34
35
36
37
38
39
40
41
42
43
44
45
46
47
48
54
57
59
60
61
63
71
74
76
78
82
83
87
90
97
98
100
103
104
107
111
118
119
122
123
126
128
130
137
138
143
146
148
149
151
157
159
162
163
167
175
176
177
181
184
186
188
191
194
197
200
203
205
209
211
218
220
228
232
233
234
235
236
239
242
245
248
250
256
262
264
267
268
271
274
275
276
277
278
279
280
281
282
283
284
289
291
295
297
298
299
309
311
312
314
318
324
325
329
331
333
336
338
339
340
346
348
351
355
358
363
365
370
372
374
375
383
386
387
393
394
395
399
401
404
411
416
418
420
421
424
425
428
433
434
435
436
437
438
439
440
441
442
443
444
445
446
453
458
460
464
467
468
473
475
477
478
489
490
491
492
495
496
499
504
512
513
516
519
521
527
530
532
537
540
543
544
546
547
549
551
553
556
562
564
574
577
578
580
582
583
585
590
597
601
602
605
606
607
614
616
621
627
628
632
634
637
639
641
645
647
648
649
660
662
666
667
674
679
683
685
686
687
692
694
695
696
706
708
712
716
718
719
721
723
729
731
735
739
741
744
754
755
759
762
764
765
766
767
770
771
772
773
774
775
776
777
