988 Symmetry001
' '
309
310
311
312
313
314
315
316
317
318
319
320
321
322
323
324
325
326
327
328
329
330
331
332
333
334
335
336
337
338
339
340
341
342
343
344
345
346
347
348
349
350
351
352
353
354
355
356
357
358
359
360
361
362
363
364
365
366
367
368
369
370
371
372
373
374
375
376
377
378
379
380
381
382
383
384
385
386
387
388
389
390
391
392
393
394
395
396
397
398
399
400
401
402
403
404
405
406
407
408
409
410
411
412
413
414
415
416
417
418
419
420
421
422
423
424
425
426
427
428
429
430
431
432
433
434
435
436
437
438
439
440
441
442
443
444
445
446
447
448
449
450
451
452
453
454
455
456
457
458
459
460
461
462
463
464
465
466
467
468
469
470
471
472
473
474
475
476
477
478
479
480
481
482
483
484
485
486
487
488
489
490
491
492
493
494
495
496
497
498
499
500
501
502
503
504
505
506
507
508
509
510
511
512
513
514
515
516
517
518
519
520
521
522
523
524
525
526
527
528
529
530
531
532
533
534
535
536
537
538
539
540
541
542
543
544
545
546
547
548
549
550
551
552
553
554
555
556
557
558
559
560
561
562
563
564
565
566
567
568
569
570
571
572
573
574
575
576
577
578
579
580
581
582
583
584
585
586
587
588
589
590
591
592
593
594
595
596
597
598
599
600
601
602
603
604
605
606
607
608
609
610
611
612
613
614
615
616
645
646
647
648
649
650
651
652
653
654
655
656
657
658
659
660
661
662
663
664
665
666
667
668
669
670
671
672
701
702
703
704
705
706
707
708
709
710
711
712
713
714
715
716
717
718
719
720
721
722
723
724
725
726
727
728
734
735
736
737
740
741
742
743
745
746
748
751
753
754
755
758
760
761
762
763
764
767
769
775
776
777
779
782
785
786
787
794
798
801
802
803
809
811
812
813
816
817
819
820
821
822
823
824
825
827
828
830
831
832
833
838
839
840
841
848
850
851
853
855
856
859
862
864
865
866
867
868
873
875
876
877
879
880
881
882
884
885
889
891
892
894
895
897
899
900
901
903
905
907
912
914
916
918
919
922
924
925
927
937
940
941
942
946
947
948
949
951
952
953
955
956
959
961
963
964
965
966
969
973
974
975
977
978
982
1001
1006
1007
1008
1010
1011
1013
1015
1016
1017
1019
1022
1024
1027
1028
1032
1033
1034
1035
1036
1039
1040
1043
1044
1045
1046
1047
1048
1051
1052
1053
1054
1055
1057
1059
1063
1065
1067
1068
1071
1072
1073
1074
1075
1079
1080
1081
1082
1085
1086
1089
1091
1092
1093
1094
1098
1101
1103
1107
1112
1114
1115
1117
1122
1128
1135
1136
1140
1142
1143
1144
1145
1146
1148
1149
1150
1151
1152
1153
1154
1155
1156
1157
1158
1159
1161
1162
1163
1166
1167
1168
1170
1172
1174
1177
1179
1182
1185
1186
1187
1188
1190
1192
1193
1194
1196
1197
1200
1201
1205
1206
1207
1210
1214
1217
1220
1221
1222
1223
1224
1225
1226
1230
1231
1232
1236
1237
1238
1239
1242
1243
1244
1245
1248
1254
1257
1258
1259
1260
1261
1263
1265
1268
1269
1271
1276
1278
1279
1280
1281
1282
1283
1284
1287
1291
1292
1294
1296
1300
1301
1302
1303
1304
1307
1309
1310
1317
1318
1320
1325
1328
1331
1332
1334
1335
1337
1338
1340
1341
1342
1343
1344
1345
1347
1348
1351
1352
1357
1361
1362
1364
1365
1366
1369
1371
1373
1374
1376
1377
1378
1381
1382
1386
1388
1394
1395
1396
1397
1398
1401
1403
1404
1405
1407
1408
1411
1414
1415
1416
1417
1419
1420
1421
1422
1424
1427
1428
1429
1432
1433
1434
1435
1436
1437
1440
1442
1445
1447
1448
1454
1455
1456
1457
1460
1462
1463
1464
1465
1468
1470
1471
1472
1476
1477
1481
1483
1484
1485
1486
1487
1491
1492
1493
1494
1497
1498
1499
1500
1506
1507
1508
1510
1514
1515
1516
1517
1519
1520
1522
1524
1525
1528
1530
1532
1533
1535
1536
1539
1541
1542
1548
1554
1555
1557
1562
1563
1565
1569
1570
1572
1573
1575
1578
1585
1586
1587
1588
1590
1592
1593
1596
1605
1607
1610
1615
1616
1617
1620
1622
1623
1626
1627
1628
1630
1631
1632
1633
1636
1637
1639
1640
1641
1643
1649
1651
1654
1655
1656
1658
1662
1663
1664
1665
1666
1672
1674
1677
1680
1682
1685
1688
1689
1693
1694
1695
1699
1700
1703
1704
1711
1714
1716
1717
1718
1719
1721
1727
1728
1729
1730
1731
1734
1735
1738
1740
1741
1746
1748
1750
1751
1754
1755
1758
1763
1764
1765
1769
1775
1777
1778
1779
1781
1782
1784
1785
1786
1787
1789
1791
1792
1795
1796
1797
1799
1800
1801
1804
1808
1809
1810
1811
1812
1814
1815
1817
1818
1819
1821
1823
1825
1826
1827
1830
1832
1835
1836
1839
1841
1842
1843
1844
1845
1846
1847
1850
1851
1852
1853
1855
1861
1862
1863
1865
1866
1867
1869
1873
1877
1879
1880
1883
1884
1889
1891
1892
1895
1898
1900
1901
1902
1904
1905
1907
1909
1910
1912
1915
1916
1918
1920
1921
1923
1924
1929
1930
1935
1937
1938
1939
1941
1942
1945
1952
1953
1957
1958
1959
1961
1962
1963
1964
1969
1971
1973
1976

