2119 Wall
'1 0'
87
88
89
90
91
92
93
94
95
96
97
98
99
100
101
102
103
104
105
106
107
108
109
110
111
112
113
114
115
116
117
118
119
120
121
122
123
124
125
126
127
128
129
130
131
132
133
134
135
136
137
138
139
140
141
142
143
144
145
146
147
148
149
150
151
152
153
154
155
156
157
158
159
160
161
162
163
164
165
166
167
168
169
170
171
172
173
174
175
176
177
178
179
180
181
182
183
184
185
186
187
188
189
190
191
192
193
194
195
196
197
198
199
200
201
202
203
204
205
206
207
209
210
212
213
215
216
217
219
221
223
224
225
227
228
230
273
274
275
276
277
278
279
281
282
283
284
286
287
288
289
290
291
292
293
294
295
296
297
298
299
300
301
302
303
304
305
306
307
321
322
323
329
330
331
337
338
339
353
354
355
361
362
366
367
371
373
374
375
381
382
386
387
391
392
393
399
400
404
405
409
411
412
415
416
417
423
425
427
429
430
431
437
438
442
443
447
449
450
451
457
459
461
462
463
469
470
474
475
479
481
482
483
489
490
494
495
499
500
501
507
509
510
511
517
519
521
522
523
529
530
534
535
539
541
542
543
544
553
554
555
561
562
565
566
567
573
574
577
578
581
582
583
589
590
594
595
599
600
601
607
609
610
611
617
619
621
622
623
629
630
634
635
639
641
642
643
644
653
654
655
661
662
665
666
667
673
674
677
678
681
682
683
684
693
694
695
701
702
703
709
710
711
717
718
721
722
725
726
727
733
734
737
739
741
742
743
749
750
754
755
759
761
762
763
769
770
774
775
779
789
790
791
792
793
794
795
801
802
803
804
813
814
815
831
832
836
837
840
843
844
847
851
854
856
866
867
882
883
885
886
887
889
890
910
911
912
914
915
919
921
926
927
928
930
931
932
933
936
937
939
940
941
942
945
946
947
951
952
954
956
958
959
960
961
963
973
978
983
993
998
1002
1006
1009
1014
1018
1022
1027
1031
1035
1038
1042
1047
1050
1053
1056
1061
1065
1069
1072
1077
1080
1083
1088
1092
1096
1099
1104
1108
1112
1117
1120
1125
1128
1131
1136
1140
1144
1147
1153
1158
1162
1167
1171
1175
1177
1179
1184
1188
1192
1197
1200
1205
1208
1211
1216
1220
1224
1227
1233
1238
1242
1247
1251
1255
1257
1259
1265
1270
1275
1280
1284
1288
1293
1297
1299
1302
1305
1307
1312
1316
1320
1323
1328
1332
1336
1368
1369
1374
1380
1392
1398
1400
1406
1417
1436
1442
1444
1447
1450
1452
1454
1455
1472
1476
1480
1485
1488
1491
1493
1497
1500
1502
1504
1506
1675
1676
1679
1683
1684
1687
1691
1692
1693
1696
1700
1704
1705
1708
1715
1724
1732
1733
1734
1735
1744
1745
1746
1747
1756
1757
1758
1759
1767
1770
1779
1780
1781
1782
1791
1792
1793
1794
1803
1804
1805
1806
1814
1815
1816
1822
1823
1824
1825
1834
1835
1836
1842
1843
1844
1850
1851
1852
1853
1862
1863
1864
1865
1874
1875
1876
1877
1886
1887
1888
1889
1898
1899
1900
1901
1910
1911
1912
1913
1922
1923
1924
1925
1933
1934
1935
1941
1942
1943
1949
1950
1951
1952
1961
1962
1963
1964
1973
1974
1975
1976
1985
1986
1987
1988
1997
1998
1999
2000
2009
2010
2011
2017
2018
2019
2020
2029
2030
2031
2032
2041
2042
2043
2044
2053
2054
2055
2056
2065
2066
2067
2068
2077
2078
2079
2080
2089
2090
2091
2097
2098
2099
2100
2107
2108
2109
2110
2118
2119
2120
2121
2130
2131
2132
2133
2141
2142
2143
2149
2150
2151
2157
2158
2159
2160
2169
2170
2171
2172
2181
2182
2183
2184
2193
2194
2195
2196
2205
2206
2207
2208
2217
2218
2219
2225
2226
2227
2228
2237
2238
2239
2240
2249
2250
2251
2252
2261
2262
2263
2264
2273
2274
2275
2281
2282
2283
2289
2290
2291
2292
2301
2302
2303
2309
2310
2311
2312
2321
2322
2323
2324
2332
2333
2334
2335
2344
2345
2346
2347
2355
2356
2357
2363
2364
2365
2371
2372
2373
2374
2383
2384
2385
2386
2395
2396
2397
2398
2407
2408
2409
2410
2419
2420
2421
2422
2431
2432
2433
2434
2443
2444
2445
2446
2455
2456
2457
2458
2466
2467
2468
2469
2478
2479
2480
2481
2490
2491
2492
2498
2499
2500
2506
2507
2508
2509
2518
2519
2520
2526
2527
2528
2529
2538
2539
2540
2541
2550
2551
2552
2553
2561
2562
2563
2564
2573
2574
2575
2576
2585
2586
2587
2588
2596
2597
2598
2604
2605
2606
2612
2613
2614
2620
2621
2622
2628
2629
2630
2631
2640
2641
2642
2643
2652
2653
2654
2655
2664
2665
2666
2667
2676
2677
2678
2684
2685
2686
2692
2693
2694
2695
2704
2705
2706
2707
2987
2988
2989
2990
2999
3000
3001
3002
3011
3012
3013
3042
3043
3046
3050
3053
3054
3057
3061
3065
3066
3069
3144
3148
3149
3152
3164
3165
3168
3172
3173
3183
3186
3190
3194
3195
3198
3202
3205
3207
3210
3221
3222
3223
3224
3239
3286
3287
3290
3294
3321
3323
3326
3327
3330
3334
3378
3380
3398
3399
3400
3403
3405
3406
3407
3408
3410
3411
3412
3413
3414
3415
3416
3417
3422
3423
3424
3426
3427
3428
3429
3432
3433
3434
3437
3438
3439
3440
3442
3443
3446
3450
3451
3452
3453
3455
3456
3457
3460
3461
3462
3463
3464
3465
3466
3468
3469
3470
3471
3473
3474
3475
3476
3477
3478
3479
3480
3481
3483
3484
3485
3486
3488
3489
3490
3491
3492
3493
3494
3496
3497
3498
3499
3500
3501
3502
3503
3504
3505
3506
3507
3546
3548
3549
3550
3554
3568
3570
3571
3572
3577
3578
3594
3596
3597
3598
3603
3604
3646
3648
3649
3652
3653
3672
3674
3675
3678
3689
3690
3693
3694
3707
3708
3711
3721
3722
3723
3728
3729
3744
3746
3747
3748
3761
3763
3764
3765
3771
3785
3787
3788
3789
3795
3796
3816
3817
3821
3822
3823
3840
3841
3845
3846
3847
3860
3862
3863
3867
3874
3876
3877
3891
3892
3893
3898
3899
3903
3921
3923
3924
3935
3937
3938
3942
3949
3951
3952
3963
3964
3965
3970
3972
3987
3989
3990
3991
3996
4010
4011
4014
4015
4030
4031
4034
4042
4043
4044
4050
4051
4052
4057
4075
4076
4080
4081
4089
4090
4093
4103
4105
4106
4109
4124
4125
4126
4131
4145
4147
4148
4149
4155
4169
4171
4172
4176
4184
4185
4188
4190
4204
4206
4207
4210
4221
4222
4226
4227
4228
4244
4245
4246
4250
4251
4266
4268
4278
4279
4282
4283
4284
4289
4307
4308
4311
4319
4321
4322
4332
4334
4335
4336
4342
4343
4360
4361
4365
4366
4367
4384
4386
4387
4388
4394
4408
4410
4411
4415
4423
4424
4427
4428
4431
4432
4456
4457
4458
4464
4465
4466
4486
4488
4489
4492
4502
4503
4507
4508
4511
4512
4527
4528
4531
4533
4543
4544
4548
4549
4552
4565
4567
4574
4576
4581
4582
4585
4587
4601
4603
4604
4607
4618
4619
4623
4624
4625
4641
4642
4643
4647
4648
4664
4666
4676
4677
4678
4684
4685
4686
4692
4710
4712
4713
4717
4725
4727
4728
4739
4740
4743
4744
4748
4749
4769
4770
4773
4774
4785
4786
4787
4792
4803
4805
4806
4810
4820
4821
4824
4825
4828
4850
4852
4853
4854
4859
4860
4879
4880
4883
4884
4895
4896
4897
4902
4903
4907
4921
4922
4925
4927
4937
4938
4941
4942
4946
4959
4961
4966
4968
4975
4976
4979
4980
4983
5006
5007
5010
5011
5012
5028
5029
5030
5034
5035
5054
5056
5057
5058
5063
5064
5083
5084
5087
5088
5102
5104
5105
5115
5116
5117
5123
5124
5125
5131
5146
5147
5150
5151
5155
5165
5167
5174
5176
5177
5186
5188
5189
5193
5203
5205
5210
5211
5214
5216
5217
5232
5233
5236
5237
5248
5249
5250
5255
5268
5270
5272
5282
5283
5284
5290
5291
5294
5309
5310
5314
5315
5316
5333
5334
5335
5341
5342
5355
5356
5360
5361
5521
5522
5523
5524
5529
5530
5531
5532
5533
5536
5537
5539
5540
5541
5547
5548
5549
5555
5569
5570
5571
5577
5578
5579
5585
5604
5605
5608
5609
5610
5616
5664
5665
5667
5669
5674
5675
5676
5691
5693
5694
5696
5697
5702
5705
5709
5722
5723
5726
5727
5730
5738
5739
5743
5752
5754
5755
5757
5797
5798
5799
5800
5803
5804
5805
5806
5900
5904
5909
5910
5912
5923
5924
5925
5927
5928
5930
5931
5932
5937
5938
5953
5954
5955
5964
5965
5966
5972
5973
5976
5977
5979
5981
5982
5984
6061
6062
6063
6064
6069
6070
6072
6073
6075
6076
6085
6086
6087
6091
6092
6102
6108
6109
6110
6113
6118
6119
6127
6128
6129
6130
6135
6136
6137
6140
6141
6142
6147
6149
6150
6152
6155
6159
6160
6162
6166
6167
6176
6177
6179
6180
6182
6188
6189
6190
6193
6194
6195
6198
6200
6206
6207
6208
6210
6211
6213
6216
6222
6224
6225
6227
6228
6234
6235
6236
6238
6242
6244
6245
6250
6253
6262
6267
6269
6275
6291
6297
6303
6315
6321
6327
6333
6338
6344
6349
6354
6360
6366
6372
6378
6384
6390
6396
6401
6406
6412
6418
6424
6430
6436
6441
6447
6453
6459
6465
6471
6477
6482
6488
6494
6500
6506
6511
6516
6522
6528
6534
6540
6546
6551
6557
6563
6569
6575
6580
6585
6591
6596
6602
6608
6614
6620
6625
6630
6636
6642
6648
6654
6660
6666
6672
6678
6684
6690
6695
6700
6706
6711
6717
6723
6729
6735
6741
6747
6752
6757
6762
6767
6773
6779
6785
6791
6796
6801
6807
6953
6959
6965
6985
6988
6994
7039
7052
7065
7071
7076
7084
7122
7139
7144
7172
7186
7191
7193
7196
7197
7199
7206
7208
7210
7212
7213
7217
7221
7222
7225
7236
7237
7238
7240
7242
7247
7249
7253
7254
7255
7258
7261
7262
7263
7264
7266
7268
7270
7273
7275
7279
7280
7281
7283
7284
7285
7287
7288
7289
7334
7337
7342
7358
7361
7366
7383
7386
7391
7432
7435
7439
7457
7460
7464
7478
7482
7486
7499
7503
7506
7518
7523
7527
7542
7545
7550
7563
7566
7571
7586
7589
7594
7612
7616
7621
7635
7639
7644
7657
7660
7664
7676
7679
7683
7697
7702
7706
7723
7726
7730
7742
7745
7749
7761
7764
7768
7780
7785
7788
7804
7807
7812
7827
7831
7835
7849
7853
7856
7867
7872
7877
7894
7898
7902
7913
7917
7920
7932
7935
7939
7955
7960
7963
7977
7980
7985
8000
8003
8007
8019
8023
8026
8042
8045
8049
8063
8067
8072
8086
8091
8095
8110
8113
8116
8128
8132
8137
8154
8158
8161
8172
8175
8179
8191
8194
8199
8216
8220
8225
8239
8242
8247
8262
8265
8269
8281
8285
8289
8309
8314
8319
8335
8338
8342
8356
8360
8364
8381
8385
8388
8402
8406
8410
8425
8428
8431
8441
8444
8447
8456
8460
8463
8479
8482
8486
8500
8504
8509
8523
8528
8532
8547
8550
8553
8565
8570
8575
8592
8595
8599
8611
8614
8618
8630
8634
8638
8656
8660
8664
8677
8682
8685
8698
8701
8705
8718
8722
8726
8745
8748
8753
8771
8775
8779
8792
8797
8801
8817
8821
8824
8838
8842
8846
8861
8864
8867
8876
8879
8882
8892
8896
8900
8919
8923
8928
8943
8948
8952
8968
8971
8976
8994
8998
9002
9016
9019
9023
9036
9041
9046
9062
9066
9070
9084
9087
9090
9100
9103
9107
9118
9121
9125
9138
9141
9144
9153
9157
9160
9177
9181
9185
9198
9203
9206
9220
9223
9226
9239
9244
9248
9264
9268
9273
9287
9292
9296
9309
9313
9317
9628
9633
9636
9640
9643
9648
9653
9669
9674
9679
9697
9701
9706
9752
9756
9766
9767
9780
9783
9793
9797
9811
9813
9825
9837
9839
9882
9886
9889
9891
10002
10011
10013
10031
10034
10037
10040
10048
10050
10055
10083
10085
10092
10101
10103
10109
10117
10119
10124
10128
10131
10138
10139
10140
10143
10147
10237
10242
10246
10250
10262
10265
10277
10282
10286
10296
10297
10308
10313
10317
10320
10329
10332
10339
10345
10349
10361
10364
10367
10376
10378
10382
10387
10398
10399
10403
10406
10414
10415
10429
10433
10442
10444
10446
10454
10455
10460
10465
10472
10473
