624 Wall
'7 0d0 0d0 0d0 0.8d0 0d0 1d0 1d0'
957
969
981
993
1005
1017
1029
1041
1053
1065
1077
1089
1101
1113
1125
1137
1149
1161
1173
1185
1197
1209
1221
1233
1245
1257
1269
1281
1293
1305
1317
1329
1341
1353
1365
1377
1389
1401
1413
1425
1437
1449
1461
1473
1491
1503
1507
1511
1528
1546
1553
1563
952
964
976
988
1000
1012
1024
1036
1048
1060
1072
1084
1096
1108
1120
1132
1144
1156
1168
1180
1192
1204
1216
1228
1240
1252
1264
1276
1288
1300
1312
1324
1336
1348
1360
1372
1384
1396
1408
1420
1432
1444
1456
1468
1490
1514
1520
1523
1531
1541
1554
1564
958
970
982
994
1006
1018
1030
1042
1054
1066
1078
1090
1102
1114
1126
1138
1150
1162
1174
1186
1198
1210
1222
1234
1246
1258
1270
1282
1294
1306
1318
1330
1342
1354
1366
1378
1390
1402
1414
1426
1438
1450
1462
1474
1486
1488
1499
1506
1515
1544
1558
1565
951
963
975
987
999
1011
1023
1035
1047
1059
1071
1083
1095
1107
1119
1131
1143
1155
1167
1179
1191
1203
1215
1227
1239
1251
1263
1275
1287
1299
1311
1323
1335
1347
1359
1371
1383
1395
1407
1419
1431
1443
1455
1467
1481
1492
1498
1508
1521
1550
1560
1566
959
971
983
995
1007
1019
1031
1043
1055
1067
1079
1091
1103
1115
1127
1139
1151
1163
1175
1187
1199
1211
1223
1235
1247
1259
1271
1283
1295
1307
1319
1331
1343
1355
1367
1379
1391
1403
1415
1427
1439
1451
1463
1475
1489
1496
1504
1513
1519
1548
1559
1567
956
968
980
992
1004
1016
1028
1040
1052
1064
1076
1088
1100
1112
1124
1136
1148
1160
1172
1184
1196
1208
1220
1232
1244
1256
1268
1280
1292
1304
1316
1328
1340
1352
1364
1376
1388
1400
1412
1424
1436
1448
1460
1472
1482
1493
1509
1522
1533
1545
1551
1568
960
972
984
996
1008
1020
1032
1044
1056
1068
1080
1092
1104
1116
1128
1140
1152
1164
1176
1188
1200
1212
1224
1236
1248
1260
1272
1284
1296
1308
1320
1332
1344
1356
1368
1380
1392
1404
1416
1428
1440
1452
1464
1476
1480
1483
1500
1524
1536
1549
1557
1569
955
967
979
991
1003
1015
1027
1039
1051
1063
1075
1087
1099
1111
1123
1135
1147
1159
1171
1183
1195
1207
1219
1231
1243
1255
1267
1279
1291
1303
1315
1327
1339
1351
1363
1375
1387
1399
1411
1423
1435
1447
1459
1471
1484
1487
1497
1501
1517
1539
1556
1570
961
973
985
997
1009
1021
1033
1045
1057
1069
1081
1093
1105
1117
1129
1141
1153
1165
1177
1189
1201
1213
1225
1237
1249
1261
1273
1285
1297
1309
1321
1333
1345
1357
1369
1381
1393
1405
1417
1429
1441
1453
1465
1477
1494
1532
1534
1535
1537
1547
1561
1571
954
966
978
990
1002
1014
1026
1038
1050
1062
1074
1086
1098
1110
1122
1134
1146
1158
1170
1182
1194
1206
1218
1230
1242
1254
1266
1278
1290
1302
1314
1326
1338
1350
1362
1374
1386
1398
1410
1422
1434
1446
1458
1470
1495
1510
1518
1525
1538
1540
1555
1572
962
974
986
998
1010
1022
1034
1046
1058
1070
1082
1094
1106
1118
1130
1142
1154
1166
1178
1190
1202
1214
1226
1238
1250
1262
1274
1286
1298
1310
1322
1334
1346
1358
1370
1382
1394
1406
1418
1430
1442
1454
1466
1478
1479
1485
1505
1512
1516
1542
1562
1573
953
965
977
989
1001
1013
1025
1037
1049
1061
1073
1085
1097
1109
1121
1133
1145
1157
1169
1181
1193
1205
1217
1229
1241
1253
1265
1277
1289
1301
1313
1325
1337
1349
1361
1373
1385
1397
1409
1421
1433
1445
1457
1469
1502
1526
1527
1529
1530
1543
1552
1574

