108 WallF
'7 0.5d0 0.2d0 0d0 0.05d0 1d0 1d0 0d0'
307
308
309
310
311
312
313
314
315
316
317
318
319
320
321
322
323
324
325
326
327
328
329
330
331
332
333
334
335
336
337
338
339
340
341
342
492
507
516
557
559
578
611
613
623
637
638
666
667
691
698
712
731
738
739
795
848
894
896
900
913
932
953
969
972
976
981
984
1003
1005
1007
1024
1027
1028
1029
1030
1031
1032
1033
1034
1035
1036
1037
1038
1186
1195
1212
1255
1268
1279
1282
1307
1310
1321
1326
1329
1375
1376
1377
1378
1379
1380
1381
1382
1383
1384
1385
1386
