306 Wall
'1 0.0'
352
353
354
355
356
357
358
359
360
361
362
363
364
365
366
367
368
369
370
371
372
373
374
375
376
377
378
379
380
381
382
383
384
385
386
387
388
389
390
391
392
393
394
395
396
397
398
399
449
458
459
475
478
483
508
515
525
545
550
574
580
585
599
624
631
643
647
659
674
700
701
740
741
747
774
777
779
791
793
808
812
814
817
823
829
847
867
869
870
898
899
909
918
950
958
964
975
980
991
998
1009
1016
1042
1043
1044
1045
1046
1047
1048
1049
1050
1051
1052
1053
1054
1055
1056
1057
1077
1190
1200
1205
1209
1213
1214
1216
1219
1221
1235
1242
1250
1256
1277
1280
1313
1320
1358
1359
1360
1361
1362
1363
1364
1365
1366
1367
1368
1369
1370
1371
1372
1373
1374
400
401
402
403
404
405
406
407
408
409
410
411
412
413
414
415
416
417
418
419
420
421
422
423
424
425
426
427
428
429
430
431
432
433
434
435
436
437
438
439
440
441
442
443
444
445
446
447
450
455
460
468
493
501
502
526
542
547
549
555
567
569
571
577
617
632
640
650
656
662
679
685
694
695
706
711
724
726
728
751
768
769
782
790
806
813
819
844
872
873
905
921
937
942
945
961
967
970
1000
1002
1017
1018
1058
1059
1060
1061
1062
1063
1064
1065
1066
1067
1068
1069
1070
1071
1072
1073
1078
1183
1187
1189
1201
1220
1228
1257
1261
1262
1266
1267
1271
1274
1283
1311
1314
1332
1341
1342
1343
1344
1345
1346
1347
1348
1349
1350
1351
1352
1353
1354
1355
1356
1357
 
